-12.5663706143592	4.89858719658941E-16
-12.5412127152313	0.0251552453893762
-12.5160548161035	0.0502945703633664
-12.4908969169756	0.0754020645824017
-12.4657390178478	0.100461837852168
-12.4405811187199	0.125458030180296
-12.4154232195921	0.150374821813936
-12.3902653204642	0.17519644325187
-12.3651074213364	0.199907185224806
-12.3399495222086	0.224491408637574
-12.3147916230807	0.248933554466892
-12.2896337239529	0.273218153608467
-12.264475824825	0.297329836667173
-12.2393179256972	0.321253343684144
-12.2141600265693	0.344973533794591
-12.1890021274415	0.36847539481025
-12.1638442283136	0.391744052720397
-12.1386863291858	0.414764781105407
-12.1135284300579	0.437523010456904
-12.0883705309301	0.460004337398611
-12.0632126318022	0.482194533802049
-12.0380547326744	0.504079555791326
-12.0128968335466	0.525645552631322
-11.9877389344187	0.546878875493628
-11.9625810352909	0.567766086094708
-11.937423136163	0.588293965200806
-11.9122652370352	0.608449520994217
-11.8871073379073	0.628219997295642
-11.8619494387795	0.647592881637394
-11.8367915396516	0.666555913182372
-11.8116336405238	0.685097090483781
-11.7864757413959	0.703204679080684
-11.7613178422681	0.720867218924585
-11.7361599431402	0.73807353163234
-11.7110020440124	0.7548127275608
-11.6858441448846	0.771074212698725
-11.6606862457567	0.78684769537159
-11.6355283466289	0.802123192755044
-11.610370447501	0.816891037192906
-11.5852125483732	0.831141882315694
-11.5600546492453	0.844866708955818
-11.5348967501175	0.858056830855688
-11.5097388509896	0.870703900165127
-11.4845809518618	0.88279991272462
-11.4594230527339	0.894337213131027
-11.4342651536061	0.905308499582597
-11.4091072544782	0.91570682850017
-11.3839493553504	0.925525618921678
-11.3587914562226	0.934758656667151
-11.3336335570947	0.943400098271581
-11.3084756579669	0.951444474683177
-11.283317758839	0.95888669472465
-11.2581598597112	0.965722048315355
-11.2330019605833	0.971946209452234
-11.2078440614555	0.977555238947686
-11.1826861623276	0.982545586922628
-11.1575282631998	0.98691409505316
-11.1323703640719	0.990657998569432
-11.1072124649441	0.993774928005424
-11.0820545658162	0.996262910698554
-11.0568966666884	0.998120372038146
-11.0317387675606	0.999346136461981
-11.0065808684327	0.999939428200294
-10.9814229693049	0.999899871766749
-10.956265070177	0.999227492196079
-10.9311071710492	0.997922715028243
-10.9059492719213	0.995986366039104
-10.8807913727935	0.993419670717811
-10.8556334736656	0.990224253491198
-10.8304755745378	0.986402136695715
-10.8053176754099	0.981955739297506
-10.7801597762821	0.976887875361492
-10.7550018771542	0.971201752270376
-10.7298439780264	0.964900968694739
-10.7046860788986	0.957989512315489
-10.6795281797707	0.950471757300111
-10.6543702806429	0.942352461534319
-10.629212381515	0.933636763610846
-10.6040544823872	0.924330179577308
-10.5788965832593	0.914438599445166
-10.5537386841315	0.903968283462016
-10.5285807850036	0.892925858149569
-10.5034228858758	0.881318312109807
-10.4782649867479	0.869152991601998
-10.4531070876201	0.856437595893345
-10.4279491884922	0.843180172386222
-10.4027912893644	0.829389111525082
-10.3776333902366	0.815073141486262
-10.3524754911087	0.800241322654032
-10.3273175919809	0.784903041886404
-10.302159692853	0.769068006574317
-10.2770017937252	0.752746238497955
-10.2518438945973	0.735948067484103
-10.2266859954695	0.718684124868538
-10.2015280963416	0.700965336767596
-10.1763701972138	0.682802917163189
-10.1512122980859	0.664208360805613
-10.1260543989581	0.645193435938694
-10.1008964998302	0.625770176851805
-10.0757386007024	0.605950876263548
-10.0505807015746	0.585748077541839
-10.0254228024467	0.565174566765392
-10.0002649033189	0.544243364631579
-9.97510700419102	0.522967718215802
-9.94994910506317	0.501361092587606
-9.92479120593532	0.479437162288808
-9.89963330680748	0.457209802679079
-9.87447540767963	0.434693081154394
-9.84931750855178	0.411901248243993
-9.82415960942394	0.388848728591387
-9.79900171029609	0.365550111825218
-9.77384381116824	0.342020143325668
-9.7486859120404	0.318273714892308
-9.72352801291255	0.294325855319281
-9.69837011378471	0.270191720883782
-9.67321221465686	0.24588658575385
-9.64805431552901	0.221425832321559
-9.62289641640117	0.196824941467705
-9.59773851727332	0.172099482764169
-9.57258061814548	0.147265104620142
-9.54742271901763	0.122337524378458
-9.52226481988978	0.0973325183683015
-9.49710692076194	0.072265911920586
-9.47194902163409	0.0471535693523048
-9.44679112250624	0.0220113839262269
-9.4216332233784	-0.00314473220773693
-9.39647532425055	-0.0282988580831185
-9.37131742512271	-0.0534350739930577
-9.34615952599486	-0.0785374715656698
-9.32100162686701	-0.103590163832239
-9.29584372773917	-0.128577295281869
-9.27068582861132	-0.153483051896218
-9.24552792948348	-0.178291671157976
-9.22037003035563	-0.202987452026763
-9.19521213122778	-0.227554764876082
-9.17005423209994	-0.251978061385126
-9.14489633297209	-0.276241884379075
-9.11973843384424	-0.300330877611751
-9.0945805347164	-0.324229795484371
-9.06942263558855	-0.347923512694284
-9.04426473646071	-0.371397033807568
-9.01910683733286	-0.394635502749441
-8.99394893820501	-0.417624212206467
-8.96879103907717	-0.440348612934619
-8.94363313994932	-0.4627943229673
-8.91847524082148	-0.484947136717487
-8.89331734169363	-0.506793033968273
-8.86815944256578	-0.528318188746052
-8.84300154343794	-0.549508978070807
-8.81784364431009	-0.570351990577902
-8.79268574518224	-0.590834035005959
-8.7675278460544	-0.610942148545423
-8.74236994692655	-0.630663605042557
-8.71721204779871	-0.649985923053647
-8.69205414867086	-0.668896873744339
-8.66689624954301	-0.68738448862911
-8.64173835041517	-0.705437067145953
-8.61658045128732	-0.723043184061509
-8.59142255215948	-0.740191696701943
-8.56626465303163	-0.756871752004992
-8.54110675390378	-0.773072793388717
-8.51594885477594	-0.788784567432632
-8.49079095564809	-0.80399713036694
-8.46563305652024	-0.818700854365828
-8.4404751573924	-0.832886433640774
-8.41531725826455	-0.846544890330061
-8.3901593591367	-0.859667580180746
-8.36500146000886	-0.872246198019486
-8.33984356088101	-0.884272783008779
-8.31468566175317	-0.895739723685255
-8.28952776262532	-0.90663976277689
-8.26436986349747	-0.916966001796013
-8.23921196436963	-0.926711905405285
-8.21405406524178	-0.935871305553812
-8.18889616611393	-0.944438405380829
-8.16373826698609	-0.952407782884451
-8.13858036785824	-0.959774394353189
-8.1134224687304	-0.966533577558041
-8.08826456960255	-0.97268105470316
-8.0631066704747	-0.978212935133209
-8.03794877134686	-0.983125717795704
-8.01279087221901	-0.987416293456789
-7.98763297309117	-0.99108194666902
-7.96247507396332	-0.994120357489939
-7.93731717483547	-0.996529602950337
-7.91215927570763	-0.998308158271268
-7.88700137657978	-0.999454897829069
-7.86184347745193	-0.999969095867747
-7.83668557832409	-0.9998504269583
-7.81152767919624	-0.999098966204681
-7.7863697800684	-0.997715189196261
-7.76121188094055	-0.995699971706838
-7.7360539818127	-0.993054589140368
-7.71089608268486	-0.989780715723783
-7.68573818355701	-0.985880423447396
-7.66058028442917	-0.981356180753559
-7.63542238530132	-0.97621085097443
-7.61026448617347	-0.970447690519797
-7.58510658704563	-0.96407034681615
-7.55994868791778	-0.957082855998271
-7.53479078878993	-0.949489640354813
-7.50963288966209	-0.941295505529503
-7.48447499053424	-0.932505637479707
-7.4593170914064	-0.923125599194312
-7.43415919227855	-0.913161327172983
-7.4090012931507	-0.902619127669034
-7.38384339402286	-0.891505672698284
-7.35868549489501	-0.87982799581643
-7.33352759576716	-0.867593487667601
-7.30836969663932	-0.854809891306926
-7.28321179751147	-0.84148529730005
-7.25805389838363	-0.827628138602731
-7.23289599925578	-0.813247185223733
-7.20773810012793	-0.798351538674406
-7.18258020100009	-0.782950626208463
-7.15742230187224	-0.767054194855599
-7.1322644027444	-0.750672305252724
-7.10710650361655	-0.733815325276728
-7.0819486044887	-0.716493923482783
-7.05679070536086	-0.698719062352367
-7.03163280623301	-0.680501991355252
-7.00647490710516	-0.661854239829868
-6.98131700797732	-0.642787609686539
-6.95615910884947	-0.623314167938217
-6.93100120972163	-0.603446239063426
-6.90584331059378	-0.583196397206274
-6.88068541146593	-0.562577458218437
-6.85552751233809	-0.54160247154819
-6.83036961321024	-0.520284711981579
-6.80521171408239	-0.498637671240991
-6.78005381495455	-0.476675049446427
-6.7548959158267	-0.454410746444877
-6.72973801669886	-0.431858853013297
-6.70458011757101	-0.409033641940746
-6.67942221844316	-0.385949558995329
-6.65426431931532	-0.362621213781667
-6.62910642018747	-0.339063370494675
-6.60394852105963	-0.315290938575503
-6.57879062193178	-0.291318963275548
-6.55363272280393	-0.267162616134522
-6.52847482367609	-0.242837185378588
-6.50331692454824	-0.218358066244644
-6.47815902542039	-0.193740751236897
-6.45300112629255	-0.169000820321848
-6.4278432271647	-0.144153931067958
-6.40268532803686	-0.119215808736173
-6.37752742890901	-0.0942022363276259
-6.35236952978116	-0.0691290445947843
-6.32721163065332	-0.0440121020223816
-6.30205373152547	-0.0188673047844672
-6.27689583239763	0.00628943331606752
-6.25173793326978	0.0314421909191211
-6.22658003414193	0.0565750491837927
-6.20142213501409	0.0816721018632069
-6.17626423588624	0.106717465371359
-6.15110633675839	0.131695288835624
-6.12594843763055	0.156589764128557
-6.1007905385027	0.181385135872652
-6.07563263937485	0.206065711411693
-6.05047474024701	0.23061587074244
-6.02531684111916	0.255020076400311
-6.00015894199132	0.27926288329283
-5.97500104286347	0.303328948474627
-5.94984314373562	0.327203040857772
-5.92468524460778	0.350870050851331
-5.89952734547993	0.374314999924019
-5.87436944635209	0.397523050083913
-5.84921154722424	0.420479513269214
-5.82405364809639	0.443169860644126
-5.79889574896855	0.465579731793957
-5.7737378498407	0.487694943813634
-5.74857995071286	0.509501500283873
-5.72342205158501	0.530985600129321
-5.69826415245716	0.552133646353071
-5.67310625332932	0.572932254642021
-5.64794835420147	0.593368261837621
-5.62279045507362	0.613428734266662
-5.59763255594578	0.633100975926822
-5.57247465681793	0.652372536521791
-5.54731675769009	0.671231219340903
-5.52215885856224	0.689665088978262
-5.49700095943439	0.707662478886504
-5.47184306030655	0.725211998760397
-5.4466851611787	0.74230254174561
-5.42152726205085	0.758923291468089
-5.39636936292301	0.775063728879602
-5.37121146379516	0.790713638915094
-5.34605356466732	0.805863116957669
-5.32089566553947	0.820502575107088
-5.29573776641162	0.834622748247818
-5.27057986728378	0.848214699912803
-5.24542196815593	0.861269827939231
-5.22026406902808	0.873779869912729
-5.19510616990024	0.885736908396529
-5.16994827077239	0.897133375942314
-5.14479037164455	0.907962059879546
-5.1196324725167	0.918216106880274
-5.09447457338885	0.927889027296509
-5.06931667426101	0.936974699267438
-5.04415877513316	0.945467372593863
-5.01900087600532	0.953361672377429
-4.99384297687747	0.960652602422321
-4.96868507774962	0.96733554839729
-4.94352717862178	0.973406280756003
-4.91836927949393	0.978860957413861
-4.89321138036608	0.98369612617961
-4.86805348123824	0.987908726940178
-4.84289558211039	0.991496093597385
-4.81773768298255	0.994455955755278
-4.7925797838547	0.996786440157034
-4.76742188472685	0.998486071870522
-4.74226398559901	0.999553775221764
-4.71710608647116	0.999988874475714
-4.69194818734332	0.999791094263926
-4.66679028821547	0.998960559758827
-4.64163238908762	0.9974977965945
-4.61647448995978	0.995403730534013
-4.59131659083193	0.99267968688352
-4.56615869170408	0.989327389653494
-4.54100079257624	0.985348960467617
-4.51584289344839	0.98074691722004
-4.49068499432055	0.975524172481839
-4.4655270951927	0.969684031657688
-4.44036919606485	0.963230190893913
-4.41521129693701	0.956166734739251
-4.39005339780916	0.948498133559796
-4.36489549868132	0.940229240709759
-4.33973759955347	0.931365289459854
-4.31457970042562	0.921911889685225
-4.28942180129778	0.911875024315034
-4.26426390216993	0.901261045545945
-4.23910600304208	0.890076670821906
-4.21394810391424	0.878328978582768
-4.18879020478639	0.866025403784439
-4.16363230565854	0.853173733193392
-4.1384744065307	0.83978210045854
-4.11331650740285	0.825858980963543
-4.08815860827501	0.811413186462866
-4.06300070914716	0.796453859504929
-4.03784281001932	0.780990467645918
-4.01268491089147	0.76503279745789
-3.98752701176362	0.748590948334992
-3.96236911263578	0.731675326101678
-3.93721121350793	0.71429663642702
-3.91205331438008	0.696465878049222
-3.88689541525224	0.678194335814665
-3.86173751612439	0.659493573535896
-3.83657961699654	0.640375426673025
-3.8114217178687	0.620851994843244
-3.78626381874085	0.600935634163122
-3.76110591961301	0.580638949428606
-3.73594802048516	0.559974786137595
-3.71079012135731	0.538956222360218
-3.68563222222947	0.517596560461878
-3.66047432310162	0.495909318684389
-3.63531642397377	0.473908222590443
-3.61015852484593	0.451607196376895
-3.58500062571808	0.429020354062327
-3.55984272659023	0.406161990554471
-3.53468482746239	0.383046572603168
-3.50952692833454	0.359688729644535
-3.4843690292067	0.336103244542217
-3.45921113007885	0.312305044231489
-3.434053230951	0.288309190272221
-3.40889533182316	0.264130869316606
-3.38373743269531	0.239785383497736
-3.35857953356747	0.21528814074509
-3.33342163443962	0.190654645033064
-3.30826373531177	0.165900486568713
-3.28310583618393	0.14104133192492
-3.25794793705608	0.116092914125231
-3.23279003792824	0.0910710226866413
-3.20763213880039	0.0659914936266211
-3.18247423967254	0.0408701994407106
-3.1573163405447	0.0157230390570401
-3.13215844141685	-0.00943407222589749
-3.107000542289	-0.0345852128118179
-3.08184264316116	-0.0597144648832103
-3.05668474403331	-0.0848059244755095
-3.03152684490547	-0.1098437115425
-3.00636894577762	-0.134811980006584
-2.98121104664977	-0.159694927787549
-2.95605314752193	-0.184476806803492
-2.93089524839408	-0.209141932937567
-2.90573734926624	-0.233674695964252
-2.88057945013839	-0.258059569428851
-2.85542155101054	-0.282281120473971
-2.8302636518827	-0.306324019606784
-2.80510575275485	-0.330173050400836
-2.779947853627	-0.353813119126339
-2.75478995449916	-0.37722926430277
-2.72963205537131	-0.400406666167804
-2.70447415624347	-0.423330656056535
-2.67931625711562	-0.445986725685076
-2.65415835798777	-0.46836053633266
-2.62900045885993	-0.49043792791642
-2.60384255973208	-0.512204927953115
-2.57868466060424	-0.533647760402122
-2.55352676147639	-0.554752854384118
-2.52836886234854	-0.575506852769889
-2.5032109632207	-0.595896620633898
-2.47805306409285	-0.615909253567179
-2.452895164965	-0.635532085844384
-2.42773726583716	-0.654752698439734
-2.40257936670931	-0.673558926886866
-2.37742146758147	-0.691938868977546
-2.35226356845362	-0.709880892294429
-2.32710566932577	-0.72737364157305
-2.30194777019793	-0.744406045888419
-2.27678987107008	-0.760967325661668
-2.25163197194223	-0.777046999482288
-2.22647407281439	-0.792634890741685
-2.20131617368654	-0.807721134073806
-2.17615827455869	-0.82229618159881
-2.15100037543085	-0.836350808965776
-2.125842476303	-0.849876121190687
-2.10068457717516	-0.862863558285931
-2.07552667804731	-0.875304900677813
-2.05036877891946	-0.887192274408604
-2.02521087979162	-0.898518156119867
-2.00005298066377	-0.909275377813889
-1.97489508153593	-0.919457131390205
-1.94973718240808	-0.929056972954363
-1.92457928328023	-0.938068826896166
-1.89942138415239	-0.946486989734853
-1.87426348502454	-0.954306133728749
-1.84910558589669	-0.961521310247126
-1.82394768676885	-0.968127952902119
-1.798789787641	-0.974121880438736
-1.77363188851316	-0.979499299381116
-1.74847398938531	-0.984256806433369
-1.72331609025746	-0.988391390633473
-1.69815819112962	-0.991900435258877
-1.67300029200177	-0.994781719482585
-1.64784239287393	-0.99703341977869
-1.62268449374608	-0.998654111076457
-1.59752659461823	-0.99964276766223
-1.57236869549039	-0.999998763828597
-1.54721079636254	-0.999721874270389
-1.52205289723469	-0.998812274227269
-1.49689499810685	-0.997270539372833
-1.471737098979	-0.995097645450266
-1.44657919985116	-0.992294967654814
-1.42142130072331	-0.988864279763436
-1.39626340159546	-0.984807753012208
-1.37110550246762	-0.980127954722177
-1.34594760333977	-0.974827846674534
-1.32078970421193	-0.96891078323615
-1.29563180508408	-0.962380509236634
-1.27047390595623	-0.955241157598287
-1.24531600682839	-0.94749724672043
-1.22015810770054	-0.939153677619768
-1.19500020857269	-0.930215730828604
-1.16984230944485	-0.920689063052863
-1.144684410317	-0.910579703592036
-1.11952651118916	-0.899894050523318
-1.09436861206131	-0.888638866652356
-1.06921071293346	-0.876821275233154
-1.04405281380562	-0.864448755459865
-1.01889491467777	-0.851529137733312
-0.993737015549923	-0.838070598705226
-0.968579116422079	-0.824081656103365
-0.943421217294231	-0.809571163340744
-0.918263318166387	-0.794548303912444
-0.893105419038539	-0.779022585583491
-0.867947519910695	-0.763003834371528
-0.842789620782847	-0.746502188328052
-0.817631721655001	-0.729528091122188
-0.792473822527155	-0.712092285431025
-0.767315923399309	-0.694205806140723
-0.742158024271463	-0.675879973362679
-0.717000125143615	-0.657126385269188
-0.691842226015771	-0.637956910753112
-0.666684326887923	-0.618383681916215
-0.641526427760079	-0.598419086390928
-0.616368528632231	-0.57807575950037
-0.591210629504387	-0.557366576261643
-0.566052730376539	-0.536304643237382
-0.540894831248695	-0.514903290240814
-0.515736932120847	-0.493176061899474
-0.490579032993002	-0.471136709083019
-0.465421133865155	-0.448799180200462
-0.440263234737307	-0.426177612372434
-0.415105335609463	-0.403286322483982
-0.389947436481615	-0.380139798123595
-0.36478953735377	-0.356752688414232
-0.339631638225923	-0.333139794742057
-0.314473739098078	-0.30931606138887
-0.28931583997023	-0.285296566074049
-0.264157940842386	-0.261096510412089
-0.239000041714538	-0.236731210291679
-0.213842142586692	-0.212216086182508
-0.188684243458846	-0.187566653375837
-0.163526344331	-0.162798512165094
-0.138368445203154	-0.137927337972654
-0.113210546075308	-0.112968871429073
-0.0880526469474621	-0.0879389084110616
-0.0628947478196142	-0.0628532900444807
-0.03773684869177	-0.0377278926787179
-0.0125789495639221	-0.0125786178387401
0.0125789495639221	0.0125786178387401
0.03773684869177	0.0377278926787179
0.062894747819616	0.0628532900444825
0.0880526469474621	0.0879389084110616
0.113210546075308	0.112968871429073
0.138368445203154	0.137927337972654
0.163526344331	0.162798512165094
0.188684243458846	0.187566653375837
0.213842142586692	0.212216086182508
0.239000041714538	0.236731210291679
0.264157940842384	0.261096510412088
0.28931583997023	0.285296566074049
0.314473739098077	0.309316061388868
0.339631638225924	0.333139794742058
0.36478953735377	0.356752688414232
0.389947436481616	0.380139798123597
0.415105335609463	0.403286322483982
0.440263234737309	0.426177612372435
0.465421133865155	0.448799180200462
0.490579032993001	0.471136709083018
0.515736932120847	0.493176061899474
0.540894831248693	0.514903290240812
0.566052730376539	0.536304643237382
0.591210629504385	0.557366576261642
0.616368528632233	0.578075759500371
0.641526427760077	0.598419086390926
0.666684326887925	0.618383681916216
0.691842226015769	0.637956910753111
0.717000125143617	0.657126385269189
0.742158024271463	0.675879973362679
0.767315923399309	0.694205806140723
0.792473822527155	0.712092285431025
0.817631721655001	0.729528091122188
0.842789620782847	0.746502188328052
0.867947519910693	0.763003834371527
0.893105419038541	0.779022585583492
0.918263318166385	0.794548303912443
0.943421217294233	0.809571163340745
0.968579116422077	0.824081656103364
0.993737015549925	0.838070598705227
1.01889491467777	0.851529137733311
1.04405281380562	0.864448755459865
1.06921071293346	0.876821275233153
1.09436861206131	0.888638866652356
1.11952651118916	0.899894050523319
1.144684410317	0.910579703592036
1.16984230944485	0.920689063052864
1.19500020857269	0.930215730828604
1.22015810770054	0.939153677619768
1.24531600682839	0.94749724672043
1.27047390595623	0.955241157598287
1.29563180508408	0.962380509236633
1.32078970421193	0.96891078323615
1.34594760333977	0.974827846674534
1.37110550246762	0.980127954722177
1.39626340159546	0.984807753012208
1.42142130072331	0.988864279763436
1.44657919985116	0.992294967654814
1.471737098979	0.995097645450266
1.49689499810685	0.997270539372833
1.52205289723469	0.998812274227269
1.54721079636254	0.999721874270389
1.57236869549039	0.999998763828597
1.59752659461823	0.99964276766223
1.62268449374608	0.998654111076457
1.64784239287393	0.99703341977869
1.67300029200177	0.994781719482585
1.69815819112962	0.991900435258877
1.72331609025746	0.988391390633473
1.74847398938531	0.984256806433369
1.77363188851316	0.979499299381116
1.798789787641	0.974121880438736
1.82394768676885	0.968127952902119
1.84910558589669	0.961521310247126
1.87426348502454	0.954306133728749
1.89942138415239	0.946486989734853
1.92457928328023	0.938068826896166
1.94973718240808	0.929056972954363
1.97489508153593	0.919457131390205
2.00005298066377	0.909275377813888
2.02521087979162	0.898518156119867
2.05036877891946	0.887192274408604
2.07552667804731	0.875304900677813
2.10068457717516	0.862863558285931
2.125842476303	0.849876121190687
2.15100037543085	0.836350808965776
2.17615827455869	0.82229618159881
2.20131617368654	0.807721134073807
2.22647407281439	0.792634890741684
2.25163197194223	0.777046999482289
2.27678987107008	0.760967325661667
2.30194777019793	0.744406045888419
2.32710566932577	0.727373641573049
2.35226356845362	0.709880892294429
2.37742146758147	0.691938868977546
2.40257936670931	0.673558926886866
2.42773726583716	0.654752698439735
2.452895164965	0.635532085844384
2.47805306409285	0.61590925356718
2.5032109632207	0.595896620633897
2.52836886234854	0.575506852769891
2.55352676147639	0.554752854384116
2.57868466060423	0.533647760402123
2.60384255973208	0.512204927953114
2.62900045885993	0.490437927916422
2.65415835798777	0.46836053633266
2.67931625711562	0.445986725685076
2.70447415624347	0.423330656056535
2.72963205537131	0.400406666167804
2.75478995449916	0.37722926430277
2.77994785362701	0.353813119126338
2.80510575275485	0.330173050400837
2.8302636518827	0.306324019606783
2.85542155101054	0.282281120473973
2.88057945013839	0.25805956942885
2.90573734926623	0.233674695964254
2.93089524839408	0.209141932937567
2.95605314752193	0.184476806803494
2.98121104664977	0.159694927787549
3.00636894577762	0.134811980006584
3.03152684490547	0.1098437115425
3.05668474403331	0.0848059244755077
3.08184264316116	0.0597144648832103
3.10700054228901	0.0345852128118161
3.13215844141685	0.00943407222589749
3.1573163405447	-0.0157230390570419
3.18247423967254	-0.0408701994407106
3.20763213880039	-0.0659914936266211
3.23279003792823	-0.0910710226866395
3.25794793705608	-0.116092914125231
3.28310583618393	-0.14104133192492
3.30826373531177	-0.165900486568713
3.33342163443962	-0.190654645033064
3.35857953356747	-0.21528814074509
3.38373743269531	-0.239785383497736
3.40889533182316	-0.264130869316606
3.434053230951	-0.288309190272221
3.45921113007885	-0.31230504423149
3.4843690292067	-0.336103244542215
3.50952692833454	-0.359688729644536
3.53468482746239	-0.383046572603167
3.55984272659024	-0.406161990554473
3.58500062571808	-0.429020354062325
3.61015852484593	-0.451607196376895
3.63531642397377	-0.473908222590442
3.66047432310162	-0.495909318684389
3.68563222222947	-0.517596560461877
3.71079012135731	-0.538956222360216
3.73594802048516	-0.559974786137593
3.761105919613	-0.580638949428605
3.78626381874085	-0.600935634163121
3.8114217178687	-0.620851994843243
3.83657961699654	-0.640375426673024
3.86173751612439	-0.659493573535898
3.88689541525224	-0.678194335814667
3.91205331438008	-0.696465878049221
3.93721121350793	-0.714296636427021
3.96236911263578	-0.73167532610168
3.98752701176362	-0.748590948334991
4.01268491089147	-0.765032797457889
4.03784281001931	-0.780990467645917
4.06300070914716	-0.79645385950493
4.08815860827501	-0.811413186462865
4.11331650740285	-0.825858980963542
4.1384744065307	-0.839782100458541
4.16363230565855	-0.853173733193393
4.18879020478639	-0.866025403784438
4.21394810391423	-0.878328978582767
4.23910600304209	-0.890076670821907
4.26426390216993	-0.901261045545945
4.28942180129777	-0.911875024315033
4.31457970042562	-0.921911889685225
4.33973759955347	-0.931365289459855
4.36489549868131	-0.940229240709759
4.39005339780916	-0.948498133559794
4.41521129693701	-0.956166734739252
4.44036919606485	-0.963230190893913
4.4655270951927	-0.969684031657687
4.49068499432054	-0.975524172481838
4.51584289344839	-0.98074691722004
4.54100079257624	-0.985348960467617
4.56615869170408	-0.989327389653493
4.59131659083193	-0.99267968688352
4.61647448995978	-0.995403730534013
4.64163238908762	-0.9974977965945
4.66679028821547	-0.998960559758827
4.69194818734332	-0.999791094263926
4.71710608647116	-0.999988874475714
4.74226398559901	-0.999553775221764
4.76742188472685	-0.998486071870523
4.7925797838547	-0.996786440157034
4.81773768298255	-0.994455955755277
4.84289558211039	-0.991496093597385
4.86805348123823	-0.987908726940179
4.89321138036609	-0.98369612617961
4.91836927949393	-0.978860957413861
4.94352717862177	-0.973406280756003
4.96868507774962	-0.96733554839729
4.99384297687747	-0.960652602422321
5.01900087600531	-0.95336167237743
5.04415877513316	-0.945467372593864
5.06931667426101	-0.936974699267437
5.09447457338885	-0.927889027296509
5.1196324725167	-0.918216106880275
5.14479037164454	-0.907962059879547
5.16994827077239	-0.897133375942313
5.19510616990024	-0.885736908396529
5.22026406902808	-0.873779869912729
5.24542196815593	-0.861269827939231
5.27057986728378	-0.848214699912802
5.29573776641162	-0.834622748247818
5.32089566553947	-0.820502575107089
5.34605356466732	-0.80586311695767
5.37121146379516	-0.790713638915093
5.39636936292301	-0.775063728879602
5.42152726205086	-0.758923291468088
5.4466851611787	-0.742302541745608
5.47184306030655	-0.725211998760397
5.49700095943439	-0.707662478886506
5.52215885856224	-0.689665088978262
5.54731675769009	-0.671231219340901
5.57247465681793	-0.652372536521791
5.59763255594578	-0.633100975926823
5.62279045507362	-0.613428734266662
5.64794835420147	-0.593368261837619
5.67310625332932	-0.572932254642021
5.69826415245716	-0.55213364635307
5.72342205158501	-0.530985600129321
5.74857995071286	-0.509501500283873
5.7737378498407	-0.487694943813636
5.79889574896855	-0.465579731793957
5.8240536480964	-0.443169860644124
5.84921154722424	-0.420479513269214
5.87436944635208	-0.397523050083915
5.89952734547993	-0.374314999924019
5.92468524460778	-0.350870050851329
5.94984314373562	-0.327203040857772
5.97500104286347	-0.303328948474626
6.00015894199132	-0.279262883292831
6.02531684111916	-0.25502007640031
6.05047474024701	-0.230615870742441
6.07563263937486	-0.206065711411692
6.1007905385027	-0.181385135872652
6.12594843763055	-0.156589764128557
6.15110633675839	-0.131695288835625
6.17626423588624	-0.106717465371359
6.20142213501409	-0.0816721018632051
6.22658003414193	-0.0565750491837927
6.25173793326978	-0.0314421909191193
6.27689583239762	-0.0062894333160684
6.30205373152547	0.0188673047844681
6.32721163065332	0.0440121020223807
6.35236952978116	0.0691290445947852
6.37752742890901	0.094202236327625
6.40268532803686	0.119215808736174
6.4278432271647	0.144153931067957
6.45300112629255	0.169000820321849
6.47815902542039	0.193740751236896
6.50331692454824	0.218358066244645
6.52847482367609	0.242837185378589
6.55363272280393	0.267162616134521
6.57879062193178	0.291318963275548
6.60394852105962	0.315290938575502
6.62910642018747	0.339063370494676
6.65426431931532	0.362621213781666
6.67942221844316	0.385949558995329
6.70458011757101	0.409033641940745
6.72973801669886	0.431858853013298
6.7548959158267	0.454410746444876
6.78005381495455	0.476675049446428
6.8052117140824	0.498637671240993
6.83036961321024	0.520284711981579
6.85552751233809	0.541602471548188
6.88068541146593	0.562577458218437
6.90584331059378	0.583196397206274
6.93100120972163	0.603446239063426
6.95615910884947	0.623314167938215
6.98131700797732	0.642787609686538
7.00647490710517	0.661854239829868
7.03163280623301	0.680501991355251
7.05679070536086	0.698719062352368
7.08194860448871	0.716493923482785
7.10710650361655	0.733815325276728
7.13226440274439	0.750672305252723
7.15742230187224	0.767054194855599
7.18258020100009	0.782950626208464
7.20773810012793	0.798351538674406
7.23289599925578	0.813247185223732
7.25805389838363	0.827628138602731
7.28321179751147	0.841485297300051
7.30836969663932	0.854809891306925
7.33352759576716	0.8675934876676
7.35868549489501	0.87982799581643
7.38384339402286	0.891505672698284
7.4090012931507	0.902619127669033
7.43415919227855	0.913161327172983
7.4593170914064	0.923125599194313
7.48447499053424	0.932505637479707
7.50963288966209	0.941295505529502
7.53479078878993	0.949489640354813
7.55994868791778	0.957082855998271
7.58510658704563	0.96407034681615
7.61026448617347	0.970447690519796
7.63542238530132	0.97621085097443
7.66058028442917	0.98135618075356
7.68573818355701	0.985880423447396
7.71089608268485	0.989780715723783
7.73605398181271	0.993054589140368
7.76121188094055	0.995699971706838
7.78636978006839	0.997715189196261
7.81152767919624	0.999098966204681
7.83668557832409	0.9998504269583
7.86184347745193	0.999969095867747
7.88700137657978	0.999454897829069
7.91215927570763	0.998308158271268
7.93731717483547	0.996529602950337
7.96247507396332	0.994120357489939
7.98763297309116	0.99108194666902
8.01279087221901	0.987416293456789
8.03794877134686	0.983125717795704
8.0631066704747	0.978212935133209
8.08826456960255	0.972681054703161
8.1134224687304	0.966533577558041
8.13858036785824	0.959774394353189
8.16373826698609	0.952407782884452
8.18889616611394	0.944438405380828
8.21405406524178	0.935871305553812
8.23921196436963	0.926711905405285
8.26436986349747	0.916966001796015
8.28952776262532	0.906639762776888
8.31468566175317	0.895739723685255
8.33984356088101	0.884272783008779
8.36500146000886	0.872246198019486
8.39015935913671	0.859667580180744
8.41531725826455	0.846544890330061
8.4404751573924	0.832886433640775
8.46563305652024	0.818700854365828
8.49079095564809	0.80399713036694
8.51594885477594	0.788784567432632
8.54110675390378	0.773072793388719
8.56626465303163	0.75687175200499
8.59142255215948	0.740191696701943
8.61658045128732	0.72304318406151
8.64173835041517	0.705437067145953
8.66689624954302	0.687384488629109
8.69205414867086	0.668896873744339
8.7172120477987	0.649985923053648
8.74236994692655	0.630663605042557
8.7675278460544	0.610942148545422
8.79268574518224	0.590834035005959
8.81784364431009	0.570351990577903
8.84300154343794	0.549508978070807
8.86815944256578	0.528318188746051
8.89331734169363	0.506793033968273
8.91847524082148	0.484947136717487
8.94363313994932	0.462794322967297
8.96879103907717	0.440348612934619
8.99394893820501	0.417624212206469
9.01910683733286	0.394635502749441
9.04426473646071	0.371397033807567
9.06942263558855	0.347923512694284
9.0945805347164	0.324229795484373
9.11973843384424	0.300330877611751
9.14489633297209	0.276241884379073
9.17005423209994	0.251978061385126
9.19521213122778	0.227554764876082
9.22037003035563	0.202987452026763
9.24552792948348	0.178291671157976
9.27068582861132	0.153483051896218
9.29584372773917	0.128577295281869
9.32100162686702	0.103590163832238
9.34615952599486	0.0785374715656698
9.3713174251227	0.0534350739930595
9.39647532425055	0.0282988580831185
9.4216332233784	0.00314473220773516
9.44679112250624	-0.0220113839262269
9.47194902163409	-0.0471535693523066
9.49710692076194	-0.072265911920586
9.52226481988978	-0.0973325183683033
9.54742271901763	-0.122337524378456
9.57258061814548	-0.147265104620142
9.59773851727332	-0.172099482764167
9.62289641640117	-0.196824941467705
9.64805431552901	-0.221425832321557
9.67321221465686	-0.24588658575385
9.69837011378471	-0.270191720883784
9.72352801291255	-0.294325855319281
9.7486859120404	-0.31827371489231
9.77384381116824	-0.342020143325668
9.79900171029609	-0.36555011182522
9.82415960942394	-0.388848728591387
9.84931750855178	-0.411901248243993
9.87447540767963	-0.434693081154394
9.89963330680748	-0.457209802679079
9.92479120593532	-0.479437162288808
9.94994910506317	-0.501361092587606
9.97510700419101	-0.522967718215801
10.0002649033189	-0.544243364631579
10.0254228024467	-0.565174566765394
10.0505807015746	-0.585748077541839
10.0757386007024	-0.605950876263546
10.1008964998302	-0.625770176851805
10.1260543989581	-0.645193435938694
10.1512122980859	-0.664208360805613
10.1763701972138	-0.682802917163189
10.2015280963416	-0.700965336767596
10.2266859954695	-0.718684124868538
10.2518438945973	-0.735948067484102
10.2770017937252	-0.752746238497955
10.302159692853	-0.769068006574318
10.3273175919809	-0.784903041886404
10.3524754911087	-0.800241322654031
10.3776333902366	-0.815073141486262
10.4027912893644	-0.829389111525083
10.4279491884922	-0.843180172386222
10.4531070876201	-0.856437595893344
10.4782649867479	-0.869152991601998
10.5034228858758	-0.881318312109807
10.5285807850036	-0.892925858149568
10.5537386841315	-0.903968283462016
10.5788965832593	-0.914438599445166
10.6040544823872	-0.924330179577308
10.629212381515	-0.933636763610845
10.6543702806429	-0.942352461534319
10.6795281797707	-0.950471757300112
10.7046860788986	-0.957989512315489
10.7298439780264	-0.964900968694738
10.7550018771542	-0.971201752270376
10.7801597762821	-0.976887875361493
10.8053176754099	-0.981955739297506
10.8304755745378	-0.986402136695714
10.8556334736656	-0.990224253491199
10.8807913727935	-0.993419670717811
10.9059492719213	-0.995986366039104
10.9311071710492	-0.997922715028243
10.956265070177	-0.99922749219608
10.9814229693049	-0.999899871766749
11.0065808684327	-0.999939428200294
11.0317387675606	-0.999346136461981
11.0568966666884	-0.998120372038146
11.0820545658162	-0.996262910698554
11.1072124649441	-0.993774928005425
11.1323703640719	-0.990657998569431
11.1575282631998	-0.98691409505316
11.1826861623276	-0.982545586922628
11.2078440614555	-0.977555238947687
11.2330019605833	-0.971946209452233
11.2581598597112	-0.965722048315355
11.283317758839	-0.95888669472465
11.3084756579669	-0.951444474683177
11.3336335570947	-0.943400098271581
11.3587914562226	-0.934758656667151
11.3839493553504	-0.925525618921679
11.4091072544783	-0.915706828500168
11.4342651536061	-0.905308499582596
11.4594230527339	-0.894337213131028
11.4845809518618	-0.882799912724621
11.5097388509896	-0.870703900165127
11.5348967501175	-0.858056830855688
11.5600546492453	-0.844866708955819
11.5852125483732	-0.831141882315696
11.610370447501	-0.816891037192905
11.6355283466289	-0.802123192755044
11.6606862457567	-0.786847695371592
11.6858441448846	-0.771074212698723
11.7110020440124	-0.754812727560798
11.7361599431402	-0.73807353163234
11.7613178422681	-0.720867218924587
11.7864757413959	-0.703204679080682
11.8116336405238	-0.685097090483781
11.8367915396516	-0.666555913182373
11.8619494387795	-0.647592881637394
11.8871073379073	-0.628219997295641
11.9122652370352	-0.608449520994217
11.937423136163	-0.588293965200807
11.9625810352909	-0.567766086094708
11.9877389344187	-0.546878875493627
12.0128968335466	-0.525645552631322
12.0380547326744	-0.504079555791327
12.0632126318023	-0.482194533802046
12.0883705309301	-0.460004337398611
12.1135284300579	-0.437523010456906
12.1386863291858	-0.414764781105407
12.1638442283136	-0.391744052720396
12.1890021274415	-0.36847539481025
12.2141600265693	-0.344973533794592
12.2393179256972	-0.321253343684144
12.264475824825	-0.297329836667171
12.2896337239529	-0.273218153608467
12.3147916230807	-0.248933554466894
12.3399495222086	-0.224491408637574
12.3651074213364	-0.199907185224804
12.3902653204642	-0.17519644325187
12.4154232195921	-0.150374821813936
12.4405811187199	-0.125458030180294
12.4657390178478	-0.100461837852168
12.4908969169756	-0.0754020645824034
12.5160548161035	-0.0502945703633664
12.5412127152313	-0.0251552453893744
12.5663706143592	-4.89858719658941E-16


-12.5663706143592	4.89858719658941E-16	0
-10.7711748123079	0.974927912181824	0.87509324762573
-8.97597901025655	-0.433883739117559	3.11091985698183
-7.18078320820524	-0.78183148246803	-3.03848909874558
-5.38558740615393	0.78183148246803	-4.91239208333356
-3.59039160410262	0.433883739117558	7.40715610971188
-1.79519580205131	-0.974927912181824	3.79834435462727
0	-1.11022302462516E-16	-12.2513054667602
1.79519580205131	0.974927912181824	0.875093247625729
3.59039160410262	-0.433883739117558	15.362225323742
5.38558740615393	-0.78183148246803	-8.49083296804074
7.18078320820524	0.781831482468027	-14.7371762500007
8.97597901025655	0.433883739117558	17.2319402763789
10.7711748123079	-0.974927912181824	9.25068822392243
12.5663706143592	-4.44089209850063E-16	-24.5026109335204


-12.5663706143592	4.89858719658941E-16
-10.7711748123079	0.974927912181824
-8.97597901025655	-0.433883739117558
-7.18078320820524	-0.78183148246803
-5.38558740615393	0.78183148246803
-3.59039160410262	0.433883739117558
-1.79519580205131	-0.974927912181824
0	0
1.79519580205131	0.974927912181824
3.59039160410262	-0.433883739117558
5.38558740615393	-0.78183148246803
7.18078320820524	0.781831482468027
8.97597901025655	0.433883739117558
10.7711748123079	-0.974927912181824
12.5663706143592	-4.89858719658941E-16
