100 0.0146174100990397
100.03 0.0146511826971197
100.06 0.0146850724113448
100.09 0.014719079783559
100.12 0.0147532053587417
100.15 0.0147874496850294
100.18 0.0148218133137383
100.21 0.0148562967993856
100.24 0.0148909006997124
100.27 0.0149256255757059
100.3 0.0149604719916223
100.33 0.0149954405150096
100.36 0.0150305317167305
100.39 0.0150657461709859
100.42 0.0151010844553383
100.45 0.0151365471507351
100.48 0.0151721348415329
100.51 0.0152078481155211
100.54 0.0152436875639465
100.57 0.0152796537815375
100.6 0.0153157473665285
100.63 0.0153519689206852
100.66 0.0153883190493294
100.69 0.0154247983613641
100.72 0.0154614074692991
100.75 0.0154981469892767
100.78 0.0155350175410973
100.81 0.0155720197482459
100.84 0.0156091542379179
100.87 0.0156464216410461
100.9 0.015683822592327
100.93 0.0157213577302482
100.96 0.0157590276971152
100.99 0.0157968331390791
101.02 0.015834774706164
101.05 0.0158728530522951
101.08 0.0159110688353266
101.11 0.0159494227170702
101.14 0.0159879153633238
101.17 0.0160265474438998
101.2 0.016065319632655
101.23 0.016104232607519
101.26 0.0161432870505246
101.29 0.016182483647837
101.32 0.0162218230897842
101.35 0.016261306070887
101.38 0.0163009332898902
101.41 0.0163407054497928
101.44 0.0163806232578793
101.47 0.0164206874257512
101.5 0.0164608986693586
101.53 0.016501257709032
101.56 0.0165417652695145
101.59 0.0165824220799943
101.62 0.0166232288741376
101.65 0.0166641863901213
101.68 0.0167052953706665
101.71 0.016746556563072
101.74 0.0167879707192483
101.77 0.0168295385957515
101.8 0.0168712609538184
101.83 0.0169131385594002
101.86 0.0169551721831988
101.89 0.0169973626007012
101.92 0.0170397105922155
101.95 0.0170822169429072
101.98 0.0171248824428351
102.01 0.0171677078869879
102.04 0.0172106940753216
102.07 0.0172538418127962
102.1 0.0172971519094137
102.13 0.0173406251802557
102.16 0.017384262445522
102.19 0.0174280645305688
102.22 0.0174720322659481
102.25 0.0175161664874463
102.28 0.0175604680361247
102.31 0.0176049377583585
102.34 0.017649576505878
102.37 0.0176943851358086
102.4 0.0177393645107123
102.43 0.0177845154986287
102.46 0.0178298389731174
102.49 0.0178753358132992
102.52 0.0179210069038995
102.55 0.0179668531352909
102.58 0.0180128754035361
102.61 0.0180590746104322
102.64 0.0181054516635543
102.67 0.0181520074763002
102.7 0.0181987429679351
102.73 0.018245659063637
102.76 0.0182927566945421
102.79 0.0183400367977912
102.82 0.0183875003165762
102.85 0.0184351482001866
102.88 0.0184829814040571
102.91 0.0185310008898157
102.94 0.0185792076253312
102.97 0.0186276025847624
103 0.018676186748607
103.03 0.018724961103751
103.06 0.0187739266435188
103.09 0.0188230843677237
103.12 0.0188724352827187
103.15 0.0189219804014479
103.18 0.0189717207434982
103.21 0.019021657335152
103.24 0.0190717912094394
103.27 0.0191221234061919
103.3 0.0191726549720962
103.33 0.0192233869607481
103.36 0.0192743204327077
103.39 0.0193254564555543
103.42 0.0193767961039424
103.45 0.0194283404596579
103.48 0.019480090611675
103.51 0.0195320476562136
103.54 0.0195842126967969
103.57 0.0196365868443102
103.6 0.0196891712170596
103.63 0.0197419669408317
103.66 0.0197949751489537
103.69 0.0198481969823536
103.72 0.0199016335896221
103.75 0.019955286127074
103.78 0.0200091557588104
103.81 0.0200632436567822
103.84 0.0201175510008531
103.87 0.020172078978864
103.9 0.0202268287866978
103.93 0.0202818016283448
103.96 0.0203369987159686
103.99 0.0203924212699725
104.02 0.0204480705190672
104.05 0.0205039477003385
104.08 0.0205600540593158
104.11 0.0206163908500412
104.14 0.0206729593351397
104.17 0.0207297607858894
104.2 0.0207867964822929
104.23 0.020844067713149
104.26 0.0209015757761255
104.29 0.0209593219778324
104.32 0.0210173076338958
104.35 0.0210755340690327
104.38 0.0211340026171264
104.41 0.0211927146213027
104.44 0.0212516714340067
104.47 0.0213108744170805
104.5 0.0213703249418417
104.53 0.0214300243891623
104.56 0.0214899741495488
104.59 0.0215501756232229
104.62 0.0216106302202031
104.65 0.0216713393603869
104.68 0.0217323044736337
104.71 0.0217935269998491
104.74 0.0218550083890695
104.77 0.0219167501015475
104.8 0.0219787536078387
104.83 0.0220410203888886
104.86 0.022103551936121
104.89 0.0221663497515268
104.92 0.0222294153477543
104.95 0.0222927502481995
104.98 0.0223563559870981
105.01 0.0224202341096179
105.04 0.0224843861719526
105.07 0.0225488137414161
105.1 0.022613518396538
105.13 0.0226785017271598
105.16 0.0227437653345323
105.19 0.0228093108314141
105.22 0.0228751398421705
105.25 0.0229412540028745
105.28 0.0230076549614071
105.31 0.0230743443775606
105.34 0.0231413239231415
105.37 0.0232085952820748
105.4 0.0232761601505098
105.43 0.0233440202369266
105.46 0.0234121772622435
105.49 0.0234806329599258
105.52 0.023549389076096
105.55 0.0236184473696443
105.58 0.0236878096123408
105.61 0.023757477588949
105.64 0.0238274530973398
105.67 0.0238977379486075
105.7 0.0239683339671864
105.73 0.0240392429909686
105.76 0.0241104668714236
105.79 0.0241820074737182
105.82 0.0242538666768387
105.85 0.0243260463737135
105.88 0.0243985484713374
105.91 0.0244713748908972
105.94 0.0245445275678985
105.97 0.0246180084522935
106 0.024691819508611
106.03 0.0247659627160868
106.06 0.0248404400687963
106.09 0.0249152535757876
106.12 0.0249904052612169
106.15 0.0250658971644848
106.18 0.0251417313403739
106.21 0.0252179098591886
106.24 0.0252944348068954
106.27 0.0253713082852653
106.3 0.0254485324120178
106.33 0.025526109320966
106.36 0.0256040411621635
106.39 0.0256823301020525
106.42 0.0257609783236146
106.45 0.0258399880265215
106.48 0.0259193614272886
106.51 0.0259991007594302
106.54 0.0260792082736153
106.57 0.0261596862378265
106.6 0.0262405369375194
106.63 0.0263217626757844
106.66 0.0264033657735103
106.69 0.0264853485695493
106.72 0.0265677134208835
106.75 0.0266504627027945
106.78 0.0267335988090333
106.81 0.0268171241519929
106.84 0.0269010411628827
106.87 0.0269853522919047
106.9 0.0270700600084316
106.93 0.0271551668011871
106.96 0.0272406751784273
106.99 0.0273265876681258
107.02 0.0274129068181589
107.05 0.0274996351964942
107.08 0.0275867753913805
107.11 0.0276743300115406
107.14 0.0277623016863653
107.17 0.0278506930661102
107.2 0.0279395068220945
107.23 0.0280287456469018
107.26 0.0281184122545838
107.29 0.0282085093808651
107.32 0.0282990397833517
107.35 0.0283900062417406
107.38 0.0284814115580329
107.41 0.0285732585567477
107.44 0.0286655500851404
107.47 0.0287582890134219
107.5 0.0288514782349807
107.53 0.0289451206666081
107.56 0.029039219248725
107.59 0.029133776945612
107.62 0.0292287967456416
107.65 0.0293242816615138
107.68 0.0294202347304932
107.71 0.0295166590146501
107.74 0.0296135576011032
107.77 0.0297109336022661
107.8 0.0298087901560958
107.83 0.0299071304263444
107.86 0.0300059576028139
107.89 0.0301052749016137
107.92 0.0302050855654207
107.95 0.0303053928637435
107.98 0.0304062000931882
108.01 0.0305075105777287
108.04 0.0306093276689789
108.07 0.0307116547464691
108.1 0.030814495217925
108.13 0.0309178525195502
108.16 0.0310217301163115
108.19 0.0311261315022288
108.22 0.0312310602006668
108.25 0.0313365197646312
108.28 0.0314425137770682
108.31 0.0315490458511672
108.34 0.0316561196306673
108.37 0.0317637387901678
108.4 0.0318719070354412
108.43 0.0319806281037517
108.46 0.0320899057641757
108.49 0.0321997438179273
108.52 0.0323101460986872
108.55 0.0324211164729355
108.58 0.032532658840289
108.61 0.0326447771338416
108.64 0.0327574753205098
108.67 0.0328707574013817
108.7 0.0329846274120705
108.73 0.033099089423072
108.76 0.0332141475401266
108.79 0.0333298059045859
108.82 0.0334460686937836
108.85 0.0335629401214102
108.88 0.0336804244378936
108.91 0.0337985259307834
108.94 0.03391724892514
108.97 0.0340365977839287
109 0.0341565769084185
109.03 0.034277190738586
109.06 0.0343984437535237
109.09 0.0345203404718543
109.12 0.0346428854521488
109.15 0.0347660832933512
109.18 0.0348899386352076
109.21 0.0350144561587002
109.24 0.0351396405864884
109.27 0.0352654966833532
109.3 0.0353920292566489
109.33 0.0355192431567596
109.36 0.0356471432775614
109.39 0.0357757345568909
109.42 0.0359050219770192
109.45 0.0360350105651317
109.48 0.0361657053938144
109.51 0.0362971115815461
109.54 0.036429234293197
109.57 0.0365620787405332
109.6 0.0366956501827281
109.63 0.0368299539268799
109.66 0.0369649953285362
109.69 0.0371007797922247
109.72 0.0372373127719912
109.75 0.037374599771944
109.78 0.0375126463468059
109.81 0.0376514581024728
109.84 0.0377910406965795
109.87 0.0379313998390732
109.9 0.0380725412927941
109.93 0.0382144708740636
109.96 0.0383571944532801
109.99 0.0385007179555227
110.02 0.0386450473611625
110.05 0.038790188706482
110.08 0.038936148084303
110.11 0.0390829316446217
110.14 0.0392305455952535
110.17 0.0393789962024848
110.2 0.039528289791735
110.23 0.0396784327482257
110.26 0.0398294315176595
110.29 0.0399812926069084
110.32 0.0401340225847096
110.35 0.0402876280823725
110.38 0.0404421157944939
110.41 0.0405974924796828
110.44 0.0407537649612957
110.47 0.0409109401281807
110.5 0.0410690249354327
110.53 0.0412280264051573
110.56 0.0413879516272468
110.59 0.0415488077601651
110.62 0.0417106020317439
110.65 0.0418733417399899
110.68 0.0420370342539025
110.71 0.0422016870143027
110.74 0.0423673075346738
110.77 0.0425339034020125
110.8 0.0427014822776932
110.83 0.0428700518983425
110.86 0.0430396200767269
110.89 0.0432101947026523
110.92 0.0433817837438757
110.95 0.0435543952470299
110.98 0.0437280373385605
111.01 0.0439027182256765
111.04 0.0440784461973138
111.07 0.0442552296251118
111.1 0.0444330769644041
111.13 0.0446119967552231
111.16 0.0447919976233182
111.19 0.0449730882811885
111.22 0.0451552775291301
111.25 0.0453385742562983
111.28 0.0455229874417845
111.31 0.0457085261557083
111.34 0.0458951995603254
111.37 0.046083016911151
111.4 0.046271987558099
111.43 0.0464621209466382
111.46 0.046653426618964
111.49 0.0468459142151876
111.52 0.047039593474542
111.55 0.0472344742366054
111.58 0.047430566442542
111.61 0.0476278801363611
111.64 0.0478264254661941
111.67 0.0480262126855902
111.7 0.0482272521548306
111.73 0.0484295543422623
111.76 0.0486331298256508
111.79 0.0488379892935532
111.82 0.0490441435467108
111.85 0.0492516034994622
111.88 0.049460380181178
111.91 0.0496704847377152
111.94 0.0498819284328943
111.97 0.050094722649998
112 0.0503088788932912
112.03 0.0505244087895652
112.06 0.0507413240897032
112.09 0.0509596366702705
112.12 0.0511793585351274
112.15 0.0514005018170674
112.18 0.0516230787794787
112.21 0.0518471018180318
112.24 0.0520725834623918
112.27 0.0522995363779572
112.3 0.0525279733676244
112.33 0.052757907373579
112.36 0.0529893514791155
112.39 0.0532223189104827
112.42 0.0534568230387591
112.45 0.0536928773817561
112.48 0.0539304956059504
112.51 0.0541696915284466
112.54 0.0544104791189693
112.57 0.0546528725018866
112.6 0.0548968859582645
112.63 0.0551425339279533
112.66 0.0553898310117064
112.69 0.0556387919733323
112.72 0.0558894317418793
112.75 0.0561417654138559
112.78 0.0563958082554845
112.81 0.0566515757049911
112.84 0.0569090833749315
112.87 0.0571683470545533
112.9 0.057429382712196
112.93 0.0576922064977287
112.96 0.0579568347450265
112.99 0.0582232839744869
113.02 0.0584915708955854
113.05 0.0587617124094728
113.08 0.0590337256116135
113.11 0.0593076277944668
113.14 0.0595834364502107
113.17 0.0598611692735103
113.200000000001 0.0601408441643301
113.230000000001 0.0604224792307929
113.260000000001 0.0607060927920844
113.290000000001 0.0609917033814054
113.320000000001 0.061279329748972
113.350000000001 0.061568990865065
113.380000000001 0.0618607059231293
113.410000000001 0.0621544943429241
113.440000000001 0.0624503757737252
113.470000000001 0.0627483700975797
113.500000000001 0.0630484974326152
113.530000000001 0.0633507781364033
113.560000000001 0.0636552328093794
113.590000000001 0.063961882298319
113.620000000001 0.0642707476998729
113.650000000001 0.0645818503641605
113.680000000001 0.0648952118984241
113.710000000001 0.0652108541707447
113.740000000001 0.0655287993138199
113.770000000001 0.0658490697288061
113.800000000001 0.0661716880892255
113.830000000001 0.0664966773449398
113.860000000001 0.0668240607261909
113.890000000001 0.0671538617477113
113.920000000001 0.067486104212904
113.950000000001 0.0678208122180947
113.980000000001 0.0681580101568566
114.010000000001 0.0684977227244099
114.040000000001 0.0688399749220975
114.070000000001 0.069184792061937
114.100000000001 0.0695321997712538
114.130000000001 0.0698822239973923
114.160000000001 0.0702348910125112
114.190000000001 0.0705902274184615
114.220000000001 0.0709482601517502
114.250000000001 0.0713090164885915
114.280000000001 0.0716725240500464
114.310000000001 0.0720388108072535
114.340000000001 0.0724079050867516
114.370000000001 0.0727798355758977
114.400000000001 0.0731546313283806
114.430000000001 0.0735323217698329
114.460000000001 0.0739129367035434
114.490000000001 0.0742965063162715
114.520000000001 0.0746830611841668
114.550000000001 0.0750726322787942
114.580000000001 0.0754652509732683
114.610000000001 0.075860949048499
114.640000000001 0.07625975869955
114.670000000001 0.0766617125421129
114.700000000001 0.0770668436190996
114.730000000001 0.0774751854073549
114.760000000001 0.0778867718244925
114.790000000001 0.0783016372358562
114.820000000001 0.0787198164616092
114.850000000001 0.0791413447839549
114.880000000001 0.0795662579544909
114.910000000001 0.0799945922016992
114.940000000001 0.0804263842385769
114.970000000001 0.0808616712704081
115.000000000001 0.0813004910026814
115.030000000001 0.0817428816491568
115.060000000001 0.0821888819400827
115.090000000001 0.0826385311305695
115.120000000001 0.0830918690091202
115.150000000001 0.0835489359063232
115.180000000001 0.0840097727037105
115.210000000001 0.0844744208427839
115.240000000001 0.0849429223342145
115.270000000001 0.085415319767218
115.300000000001 0.0858916563191099
115.330000000001 0.0863719757650448
115.360000000001 0.0868563224879441
115.390000000001 0.0873447414886155
115.420000000001 0.0878372783960689
115.450000000001 0.0883339794780333
115.480000000001 0.088834891651679
115.510000000001 0.0893400624945493
115.540000000001 0.0898495402557075
115.570000000001 0.0903633738671018
115.600000000001 0.0908816129551562
115.630000000001 0.0914043078525893
115.660000000001 0.0919315096104682
115.690000000001 0.0924632700105025
115.720000000001 0.0929996415775828
115.750000000001 0.0935406775925705
115.780000000001 0.094086432105344
115.810000000001 0.0946369599481077
115.840000000001 0.095192316748969
115.870000000001 0.0957525589457899
115.900000000001 0.0963177438003203
115.930000000001 0.096887929412618
115.960000000001 0.0974631747357631
115.990000000001 0.0980435395908739
116.020000000001 0.0986290846824299
116.050000000001 0.0992198716139112
116.080000000001 0.0998159629037599
116.110000000001 0.100417422001672
116.140000000001 0.101024313305225
116.170000000001 0.10163670217686
116.200000000001 0.102254654961203
116.230000000001 0.102878239002767
116.260000000001 0.103507522664009
116.290000000001 0.104142575343779
116.320000000001 0.104783467496154
116.350000000001 0.105430270649669
116.380000000001 0.106083057426958
116.410000000001 0.106741901564819
116.440000000001 0.107406877934694
116.470000000001 0.108078062563605
116.500000000001 0.108755532655524
116.530000000001 0.109439366613218
116.560000000001 0.110129644060549
116.590000000001 0.110826445865279
116.620000000001 0.11152985416235
116.650000000001 0.112239952377688
116.680000000001 0.112956825252516
116.710000000001 0.113680558868208
116.740000000001 0.114411240671689
116.770000000001 0.115148959501391
116.800000000001 0.11589380561379
116.830000000001 0.116645870710528
116.860000000001 0.117405247966141
116.890000000001 0.118172032056408
116.920000000001 0.118946319187331
116.950000000001 0.119728207124776
116.980000000001 0.120517795224767
117.010000000001 0.121315184464483
117.040000000001 0.122120477473946
117.070000000001 0.122933778568437
117.100000000001 0.123755193781648
117.130000000001 0.124584830899596
117.160000000001 0.125422799495318
117.190000000001 0.12626921096436
117.220000000001 0.127124178561096
117.250000000001 0.127987817435879
117.280000000001 0.128860244673064
117.310000000001 0.12974157932992
117.340000000001 0.130631942476444
117.370000000001 0.131531457236122
117.400000000001 0.132440248827644
117.430000000001 0.133358444607609
117.460000000001 0.134286174114236
117.490000000001 0.135223569112129
117.520000000001 0.136170763638099
117.550000000001 0.137127894048089
117.580000000001 0.138095099065225
117.610000000001 0.139072519829029
117.640000000001 0.140060299945822
117.670000000001 0.141058585540345
117.700000000001 0.142067525308646
117.730000000001 0.143087270572253
117.760000000001 0.144117975333681
117.790000000001 0.145159796333295
117.820000000001 0.146212893107591
117.850000000001 0.147277428048906
117.880000000001 0.148353566466619
117.910000000001 0.14944147664988
117.940000000001 0.150541329931905
117.970000000001 0.151653300755881
118.000000000001 0.152777566742544
118.030000000001 0.153914308759448
118.060000000001 0.155063710992008
118.090000000001 0.156225961016338
118.120000000001 0.157401249873953
118.150000000001 0.158589772148392
118.180000000001 0.159791726043799
118.210000000001 0.161007313465544
118.240000000001 0.162236740102924
118.270000000001 0.163480215514014
118.300000000001 0.164737953212735
118.330000000001 0.166010170758193
118.360000000001 0.167297089846375
118.390000000001 0.168598936404248
118.420000000001 0.16991594068636
118.450000000001 0.171248337373997
118.480000000001 0.172596365676981
118.510000000001 0.173960269438195
118.540000000001 0.175340297240907
118.570000000001 0.176736702518988
118.600000000001 0.178149743670104
118.630000000001 0.179579684171983
118.660000000001 0.18102679270184
118.690000000001 0.182491343259073
118.720000000001 0.183973615291319
118.750000000001 0.185473893823977
118.780000000001 0.18699246959331
118.810000000001 0.188529639183244
118.840000000001 0.190085705165962
118.870000000001 0.191660976246433
118.900000000001 0.193255767410992
118.930000000001 0.194870400080097
118.960000000001 0.196505202265404
118.990000000001 0.198160508731295
119.020000000001 0.199836661161002
119.050000000001 0.201534008327478
119.080000000001 0.203252906269164
119.110000000001 0.204993718470817
119.140000000001 0.206756816049569
119.170000000001 0.20854257794637
119.200000000001 0.210351391123017
119.230000000001 0.212183650764932
119.260000000001 0.2140397604899
119.290000000001 0.215920132562944
119.320000000001 0.217825188117562
119.350000000001 0.219755357383528
119.380000000001 0.221711079921483
119.410000000001 0.223692804864541
119.440000000001 0.225700991167155
119.470000000001 0.227736107861486
119.500000000001 0.229798634321534
119.530000000001 0.231889060535293
119.560000000001 0.234007887385216
119.590000000001 0.236155626937266
119.620000000001 0.238332802738862
119.650000000001 0.240539950126026
119.680000000001 0.24277761654005
119.710000000001 0.245046361854021
119.740000000001 0.24734675870956
119.770000000001 0.249679392864116
119.800000000001 0.252044863549214
119.830000000001 0.254443783840035
119.860000000001 0.256876781036733
119.890000000001 0.259344497057924
119.920000000001 0.261847588846769
119.950000000001 0.264386728790125
119.980000000001 0.266962605151234
120.010000000001 0.269575922516431
120.040000000001 0.272227402256419
120.070000000001 0.274917783002609
120.100000000001 0.277647821139112
120.130000000001 0.280418291310953
120.160000000001 0.283229986949107
120.190000000001 0.286083720813005
120.220000000001 0.288980325551144
120.250000000001 0.291920654280502
120.280000000001 0.294905581185467
120.310000000001 0.297936002137017
120.340000000001 0.301012835332933
120.370000000001 0.304137021959845
120.400000000001 0.307309526877958
120.430000000001 0.310531339329336
120.460000000001 0.313803473670651
120.490000000001 0.317126970131358
120.520000000001 0.320502895598297
120.550000000001 0.323932344427746
120.580000000001 0.327416439286021
120.610000000001 0.330956332019755
120.640000000001 0.334553204557027
120.670000000001 0.338208269840587
120.700000000001 0.341922772794452
120.730000000001 0.345697991325235
120.760000000001 0.349535237359588
120.790000000001 0.353435857919249
120.820000000001 0.357401236235219
120.850000000001 0.361432792902658
120.880000000001 0.365531987078205
120.910000000001 0.369700317721435
120.940000000001 0.373939324882318
120.970000000001 0.378250591036573
121.000000000001 0.382635742470924
121.030000000001 0.387096450720354
121.060000000001 0.391634434059553
121.090000000001 0.39625145905083
121.120000000001 0.400949342150922
121.150000000001 0.405729951379177
121.180000000001 0.410595208049757
121.210000000001 0.415547088570613
121.240000000001 0.420587626312102
121.270000000001 0.425718913548272
121.300000000001 0.430943103473973
121.330000000001 0.436262412301094
121.360000000001 0.44167912143742
121.390000000001 0.447195579751704
121.420000000001 0.452814205928805
121.450000000001 0.458537490918845
121.480000000001 0.464368000484599
121.510000000001 0.470308377851484
121.540000000001 0.476361346464761
121.570000000001 0.482529712858763
121.600000000001 0.488816369643213
121.630000000001 0.495224298611942
121.660000000001 0.501756573979557
121.690000000001 0.508416365751922
121.720000000001 0.515206943236561
121.750000000001 0.522131678699418
121.780000000001 0.529194051174728
121.810000000001 0.536397650435064
121.840000000001 0.543746181129015
121.870000000001 0.551243467094279
121.900000000001 0.558893455854367
121.930000000001 0.566700223307521
121.960000000001 0.574667978616862
121.990000000001 0.582801069311262
122.020000000001 0.591103986606864
122.050000000001 0.599581370959731
122.080000000001 0.608238017860558
122.110000000001 0.617078883882988
122.140000000001 0.626109092997619
122.170000000001 0.635333943164382
122.200000000001 0.644758913216632
122.230000000001 0.65438967005094
122.260000000001 0.664232076137257
122.290000000001 0.674292197364877
122.320000000001 0.684576311240361
122.350000000001 0.695090915454389
122.380000000001 0.705842736835352
122.410000000001 0.716838740708335
122.440000000001 0.728086140679083
122.470000000001 0.739592408863458
122.500000000001 0.751365286583899
122.530000000001 0.763412795555398
122.560000000001 0.7757432495846
122.590000000001 0.788365266806702
122.620000000001 0.801287782485978
122.650000000001 0.814520062406941
122.680000000001 0.828071716884368
122.710000000001 0.841952715421629
122.740000000001 0.856173402048083
122.770000000001 0.870744511367582
122.800000000001 0.885677185351442
122.830000000001 0.900982990910627
122.860000000001 0.916673938283185
122.890000000001 0.932762500274391
122.920000000001 0.949261632388361
122.950000000001 0.966184793891229
122.980000000001 0.983545969847298
123.010000000001 1.00135969417077
123.040000000001 1.01964107373687
123.070000000001 1.03840581359719
123.100000000001 1.05767024334505
123.130000000001 1.07745134467755
123.160000000001 1.09776678020124
123.190000000001 1.1186349235292
123.220000000001 1.14007489071681
123.250000000001 1.16210657308368
123.280000000001 1.18475067146801
123.310000000001 1.20802873195889
123.340000000001 1.23196318314979
123.370000000001 1.25657737495424
123.400000000001 1.28189561902131
123.430000000001 1.30794323078393
123.460000000001 1.33474657316805
123.490000000001 1.36233310198349
123.520000000001 1.39073141300934
123.550000000001 1.4199712907765
123.580000000001 1.45008375903805
123.610000000001 1.48110113290363
123.640000000001 1.51305707259674
123.670000000001 1.54598663877398
123.700000000001 1.57992634932087
123.730000000001 1.61491423751146
123.760000000001 1.65098991138604
123.790000000001 1.68819461416319
123.820000000001 1.72657128545856
123.850000000001 1.76616462303136
123.880000000001 1.80702114472066
123.910000000001 1.84918925016554
123.940000000001 1.89271928182464
123.970000000001 1.93766358472119
124.000000000001 1.98407656423612
124.030000000001 2.03201474115472
124.060000000001 2.08153680303778
124.090000000001 2.13270365083544
124.120000000001 2.18557843948843
124.150000000001 2.24022661106462
124.180000000001 2.29671591875646
124.210000000001 2.35511643981371
124.240000000001 2.41550057520406
124.270000000001 2.47794303347694
124.300000000001 2.54252079595237
124.330000000001 2.60931305996173
124.360000000001 2.67840115642936
124.390000000001 2.7498684375998
124.420000000001 2.82380013018294
124.450000000001 2.9002831486066
124.480000000001 2.97940586243315
124.510000000001 3.06125781131354
124.540000000001 3.14592936012179
124.570000000001 3.23351128614
124.600000000001 3.32409428935702
124.630000000001 3.41776841611393
124.660000000001 3.5146223854945
124.690000000001 3.61474280704122
124.720000000001 3.71821327760767
124.750000000001 3.82511334447603
124.780000000001 3.93551732132373
124.810000000001 4.04949294327882
124.840000000001 4.16709984723553
124.870000000001 4.28838786390334
124.900000000001 4.41339510884365
124.930000000001 4.54214586113783
124.960000000001 4.67464822047486
124.990000000001 4.81089153651358
125.020000000001 4.95084360854194
125.050000000001 5.0944476589178
125.080000000001 5.24161909072503
125.110000000001 5.39224204870255
125.140000000001 5.54616581296328
125.170000000001 5.7032010674316
125.200000000001 5.86311609933634
125.230000000001 6.0256330024413
125.260000000001 6.19042397477517
125.290000000001 6.35710782105229
125.320000000001 6.52524679014475
125.350000000001 6.69434389799867
125.380000000001 6.86384090511502
125.410000000001 7.03311713365817
125.440000000001 7.20148932064332
125.470000000001 7.36821270846722
125.500000000001 7.53248357011666
125.530000000001 7.69344335154406
125.560000000001 7.85018458596784
125.590000000001 8.00175869272414
125.620000000001 8.14718571600057
125.650000000001 8.28546598661238
125.680000000001 8.41559360455442
125.710000000001 8.53657154452612
125.740000000001 8.64742808572704
125.770000000001 8.74723416719272
125.800000000001 8.83512117818256
125.830000000001 8.91029861765835
125.860000000001 8.9720710055833
125.890000000001 9.01985340849797
125.920000000001 9.05318495754836
125.950000000001 9.07173979109751
125.980000000001 9.07533494522775
126.010000000001 9.06393483935749
126.040000000001 9.03765215314623
126.070000000001 8.99674505456783
126.100000000001 8.94161090566813
126.130000000001 8.87277672994843
126.160000000001 8.79088686236922
126.190000000001 8.69668831060131
126.220000000001 8.5910144282831
126.250000000001 8.47476753499613
126.280000000001 8.3489011141762
126.310000000001 8.2144021829808
126.340000000001 8.07227436329677
126.370000000001 7.92352209810677
126.400000000001 7.76913636039146
126.430000000001 7.61008210040265
126.460000000001 7.44728757834767
126.490000000001 7.28163563876253
126.520000000001 7.1139569040361
126.550000000001 6.94502480001205
126.580000000001 6.77555227723459
126.610000000001 6.6061900569226
126.640000000001 6.43752620996032
126.670000000001 6.27008686829692
126.700000000001 6.10433786904554
126.730000000001 5.94068714007368
126.760000000001 5.7794876498753
126.790000000001 5.62104076211081
126.820000000001 5.46559985477352
126.850000000001 5.31337408417107
126.880000000001 5.1645321937863
126.910000000001 5.01920628686916
126.940000000001 4.87749549882354
126.970000000001 4.73946952080416
127.000000000001 4.60517193930753
127.030000000001 4.47462336792468
127.060000000001 4.34782435690927
127.090000000001 4.22475807394389
127.120000000001 4.10539275563818
127.150000000001 3.9896839340559
127.180000000001 3.87757644613891
127.210000000001 3.76900623646075
127.240000000001 3.66390196547433
127.270000000001 3.56218643647357
127.300000000001 3.46377785500544
127.330000000001 3.36859093456505
127.360000000001 3.27653786218447
127.390000000001 3.18752913706801
127.420000000001 3.10147429480377
127.450000000001 3.018282528948
127.480000000001 2.93786322097974
127.510000000001 2.86012638879319
127.540000000001 2.78498306306058
127.570000000001 2.71234559997855
127.600000000001 2.6421279381204
127.630000000001 2.57424580636515
127.660000000001 2.50861688916819
127.690000000001 2.44516095478089
127.720000000001 2.38379995141983
127.750000000001 2.32445807582993
127.780000000001 2.26706181817868
127.810000000001 2.21153998675864
127.840000000001 2.15782371556074
127.870000000001 2.10584645740723
127.900000000001 2.05554396499957
127.930000000001 2.00685426193754
127.960000000001 1.95971760550075
127.990000000001 1.91407644274786
128.020000000001 1.86987536127989
128.050000000001 1.82706103583001
128.080000000001 1.78558217167946
128.110000000001 1.74538944575651
128.140000000001 1.70643544615002
128.170000000001 1.66867461065926
128.200000000001 1.63206316490606
128.230000000001 1.59655906045116
128.260000000001 1.56212191328434
128.290000000001 1.52871294299442
128.320000000001 1.49629491287036
128.350000000001 1.46483207113767
128.380000000001 1.43429009349297
128.410000000001 1.40463602706503
128.440000000001 1.37583823589998
128.470000000001 1.3478663480429
128.500000000001 1.32069120426618
128.530000000001 1.29428480847615
128.560000000001 1.26862027981407
128.590000000001 1.24367180645428
128.620000000001 1.21941460109137
128.650000000001 1.19582485809903
128.680000000001 1.17287971233602
128.710000000001 1.15055719956829
128.740000000001 1.12883621847181
128.770000000001 1.10769649417667
128.800000000001 1.08711854330999
128.830000000001 1.06708364049333
128.860000000001 1.0475737862486
128.890000000001 1.02857167626534
128.920000000001 1.01006067198223
128.950000000001 0.99202477243492
128.980000000001 0.974448587323187
129.010000000001 0.957317311250204
129.040000000001 0.940616699087968
129.070000000001 0.924333042423444
129.100000000001 0.908453147041154
129.130000000001 0.892964311398998
129.160000000001 0.877854306055328
129.190000000001 0.86311135400654
129.220000000001 0.848724111895781
129.250000000001 0.834681652054691
129.280000000001 0.82097344534145
129.310000000001 0.80758934473978
129.340000000001 0.794519569684875
129.370000000001 0.781754691083582
129.400000000001 0.769285616997464
129.430000000001 0.757103578958693
129.460000000001 0.745200118889929
129.490000000001 0.733567076600634
129.520000000001 0.722196577833416
129.550000000001 0.711081022835174
129.580000000001 0.700213075428947
129.610000000001 0.689585652563412
129.640000000001 0.679191914318064
129.670000000001 0.669025254343091
129.700000000001 0.659079290713897
129.730000000001 0.649347857181208
129.760000000001 0.639824994798525
129.790000000001 0.630504943909571
129.820000000001 0.621382136479186
129.850000000001 0.612451188751887
129.880000000001 0.603706894223081
129.910000000001 0.5951442169086
129.940000000001 0.586758284898922
129.970000000001 0.578544384185088
130.000000000001 0.570497952743931
130.030000000001 0.56261457487084
130.060000000001 0.554889975748816
130.090000000001 0.547320016243139
130.120000000001 0.539900687911456
130.150000000001 0.532628108219588
130.180000000001 0.525498515953818
130.210000000001 0.518508266820858
130.240000000001 0.511653829227112
130.270000000001 0.504931780229252
130.300000000001 0.498338801648494
130.330000000001 0.491871676341334
130.360000000001 0.485527284619831
130.390000000001 0.479302600814861
130.420000000001 0.473194689976073
130.450000000001 0.467200704702566
130.480000000001 0.461317882098602
130.510000000001 0.45554354084891
130.540000000001 0.449875078408419
130.570000000001 0.444309968301486
130.600000000001 0.438845757525896
130.630000000001 0.433480064057166
130.660000000001 0.428210574448871
130.690000000001 0.423035041524891
130.720000000001 0.41795128215971
130.750000000001 0.412957175143028
130.780000000001 0.408050659125159
130.810000000001 0.40322973063981
130.840000000001 0.39849244220103
130.870000000001 0.393836900471232
130.900000000001 0.389261264497341
130.930000000001 0.384763744012271
130.960000000001 0.380342597799026
130.990000000001 0.375996132114871
131.020000000001 0.371722699173117
131.050000000001 0.367520695680183
131.080000000001 0.363388561425685
131.110000000001 0.359324777923424
131.140000000001 0.355327867101226
131.170000000001 0.351396390037669
131.200000000001 0.347528945743838
131.230000000001 0.343724169988317
131.260000000001 0.339980734163696
131.290000000001 0.336297344192978
131.320000000001 0.332672739474297
131.350000000001 0.329105691862463
131.380000000001 0.3255950046859
131.410000000001 0.322139511797586
131.440000000001 0.318738076658706
131.470000000001 0.315389591453737
131.500000000001 0.312092976235776
131.530000000001 0.308847178100937
131.560000000001 0.305651170390737
131.590000000001 0.302503951921375
131.620000000001 0.299404546238929
131.650000000001 0.296352000899457
131.680000000001 0.293345386773101
131.710000000001 0.290383797371277
131.740000000001 0.287466348196101
131.770000000001 0.284592176111232
131.800000000001 0.281760438733332
131.830000000001 0.278970313843389
131.860000000001 0.276220998817187
131.890000000001 0.273511710074205
131.920000000001 0.270841682544292
131.950000000001 0.268210169151464
131.980000000001 0.265616440314222
132.010000000001 0.263059783461774
132.040000000001 0.260539502565612
132.070000000001 0.258054917685891
132.100000000001 0.255605364532084
132.130000000001 0.253190194037402
132.160000000001 0.250808771946511
132.190000000001 0.248460478416063
132.220000000001 0.246144707627597
132.250000000001 0.243860867412389
132.280000000001 0.241608378887824
132.310000000001 0.239386676104901
132.340000000001 0.237195205706478
132.370000000001 0.235033426595903
132.400000000001 0.232900809615661
132.430000000001 0.230796837235707
132.460000000001 0.228721003251153
132.490000000001 0.226672812488988
132.520000000001 0.22465178052354
132.550000000001 0.222657433400371
132.580000000001 0.220689307368336
132.610000000001 0.218746948619527
132.640000000001 0.216829913036842
132.670000000001 0.214937765948934
132.700000000001 0.213070081892282
132.730000000001 0.211226444380168
132.760000000001 0.209406445678324
132.790000000001 0.207609686587027
132.820000000001 0.205835776229454
132.850000000001 0.204084331846067
132.880000000001 0.202354978594853
132.910000000001 0.20064734935723
132.940000000001 0.198961084549424
132.970000000001 0.197295831939162
133.000000000001 0.195651246467497
133.030000000001 0.194026990075608
133.060000000001 0.192422731536425
133.090000000001 0.190838146290913
133.120000000001 0.189272916288883
133.150000000001 0.187726729834182
133.180000000001 0.186199281434127
133.210000000001 0.184690271653053
133.240000000001 0.183199406969846
133.270000000001 0.181726399639342
133.300000000001 0.180270967557466
133.330000000001 0.178832834130012
133.360000000001 0.177411728144931
133.390000000001 0.176007383648046
133.420000000001 0.174619539822068
133.450000000001 0.173247940868829
133.480000000001 0.171892335894625
133.510000000001 0.170552478798589
133.540000000001 0.169228128163987
133.570000000001 0.167919047152365
133.600000000001 0.166625003400454
133.630000000001 0.165345768919754
133.660000000001 0.164081119998723
133.690000000001 0.162830837107483
133.720000000001 0.161594704804986
133.750000000001 0.160372511648552
133.780000000001 0.159164050105718
133.810000000001 0.157969116468341
133.840000000001 0.156787510768866
133.870000000001 0.15561903669872
133.900000000001 0.154463501528759
133.930000000001 0.153320716031717
133.960000000001 0.152190494406586
133.990000000001 0.151072654204895
134.020000000001 0.149967016258812
134.050000000001 0.148873404611029
134.080000000001 0.147791646446384
134.110000000001 0.146721572025158
134.140000000001 0.145663014618011
134.170000000001 0.144615810442515
134.200000000001 0.14357979860122
134.230000000001 0.142554821021239
134.260000000001 0.141540722395281
134.290000000001 0.140537350124123
134.320000000001 0.139544554260449
134.350000000001 0.138562187454045
134.380000000001 0.137590104898305
134.410000000001 0.136628164278
134.440000000001 0.1356762257183
134.470000000001 0.134734151734995
134.500000000001 0.133801807185889
134.530000000001 0.132879059223341
134.560000000001 0.131965777247916
134.590000000001 0.131061832863119
134.620000000001 0.130167099831183
134.650000000001 0.129281454029883
134.680000000001 0.128404773410351
134.710000000001 0.127536937955862
134.740000000001 0.126677829641568
134.770000000001 0.125827332395155
134.800000000001 0.124985332058403
134.830000000001 0.124151716349611
134.860000000001 0.123326374826892
134.890000000001 0.122509198852281
134.920000000001 0.121700081556665
134.950000000001 0.120898917805499
134.980000000001 0.120105604165289
135.010000000001 0.119320038870825
135.040000000001 0.118542121793149
135.070000000001 0.117771754408228
135.100000000001 0.117008839766324
135.130000000001 0.116253282462045
135.160000000001 0.115504988605047
135.190000000001 0.114763865791388
135.220000000001 0.114029823075501
135.250000000001 0.113302770942786
135.280000000001 0.112582621282795
135.310000000001 0.111869287362996
135.340000000001 0.111162683803111
135.370000000001 0.110462726550002
135.400000000001 0.109769332853099
135.430000000001 0.109082421240355
135.460000000001 0.108401911494716
135.490000000001 0.10772772463109
135.520000000001 0.107059782873806
135.550000000001 0.106398009634553
135.580000000001 0.105742329490783
135.610000000001 0.10509266816457
135.640000000001 0.104448952501911
135.670000000001 0.103811110452463
135.700000000001 0.103179071049705
135.730000000001 0.102552764391503
135.760000000001 0.101932121621096
135.790000000001 0.101317074908458
135.820000000001 0.100707557432055
135.850000000001 0.100103503360976
135.880000000001 0.0995048478374292
135.910000000001 0.0989115269595973
135.940000000001 0.0983234777648429
135.970000000001 0.0977406382132557
136.000000000001 0.0971629471715335
136.030000000001 0.09659034439719
136.060000000001 0.0960227705230809
136.090000000001 0.0954601670422418
136.120000000001 0.0949024762930298
136.150000000001 0.0943496414445639
136.180000000001 0.0938016064824545
136.210000000001 0.0932583161948181
136.240000000001 0.0927197161585693
136.270000000001 0.0921857527259839
136.300000000001 0.0916563730115281
136.330000000001 0.0911315248789461
136.360000000001 0.090611156928602
136.390000000001 0.0900952184850692
136.420000000001 0.0895836595849624
136.450000000001 0.0890764309650066
136.480000000001 0.0885734840503376
136.510000000001 0.0880747709430297
136.540000000001 0.0875802444108444
136.570000000001 0.0870898578761967
136.600000000001 0.0866035654053325
136.630000000001 0.0861213216977143
136.660000000001 0.0856430820756097
136.690000000001 0.0851688024738777
136.720000000001 0.08469843942995
136.750000000001 0.0842319500740019
136.780000000001 0.0837692921193094
136.810000000001 0.0833104238527883
136.840000000001 0.0828553041257104
136.870000000001 0.0824038923445955
136.900000000001 0.0819561484622724
136.930000000001 0.081512032969108
136.960000000001 0.0810715068843986
136.990000000001 0.0806345317479224
137.020000000001 0.0802010696116469
137.050000000001 0.0797710830315913
137.080000000001 0.0793445350598374
137.110000000001 0.0789213892366885
137.140000000001 0.0785016095829709
137.170000000001 0.0780851605924777
137.200000000001 0.0776720072245487
137.230000000001 0.0772621148967872
137.260000000001 0.0768554494779075
137.290000000001 0.0764519772807126
137.320000000001 0.0760516650551988
137.350000000001 0.0756544799817838
137.380000000001 0.0752603896646578
137.410000000001 0.0748693621252522
137.440000000001 0.0744813657958267
137.470000000001 0.0740963695131691
137.500000000001 0.0737143425124087
137.530000000001 0.0733352544209388
137.560000000001 0.0729590752524463
137.590000000001 0.0725857754010483
137.620000000001 0.0722153256355298
137.650000000001 0.0718476970936847
137.680000000001 0.0714828612767551
137.710000000001 0.0711207900439674
137.740000000001 0.0707614556071648
137.770000000001 0.0704048305255322
137.800000000001 0.0700508877004135
137.830000000001 0.069699600370218
137.860000000001 0.0693509421054151
137.890000000001 0.0690048868036156
137.920000000001 0.0686614086847365
137.950000000001 0.0683204822862504
137.980000000001 0.0679820824585144
138.010000000001 0.0676461843601802
138.040000000001 0.0673127634536815
138.070000000001 0.0669817955007982
138.100000000001 0.0666532565582962
138.130000000001 0.0663271229736405
138.160000000001 0.0660033713807809
138.190000000001 0.0656819786960082
138.220000000001 0.0653629221138807
138.250000000001 0.0650461791032179
138.280000000001 0.0647317274031626
138.310000000001 0.064419545019307
138.340000000001 0.0641096102198846
138.370000000001 0.0638019015320244
138.400000000001 0.0634963977380678
138.430000000001 0.0631930778719458
138.460000000001 0.0628919212156163
138.490000000001 0.0625929072955594
138.520000000001 0.0622960158793312
138.550000000001 0.0620012269721731
138.580000000001 0.0617085208136765
138.610000000001 0.0614178778745027
138.640000000001 0.061129278853155
138.670000000001 0.0608427046728042
138.700000000001 0.0605581364781645
138.730000000001 0.0602755556324206
138.760000000001 0.0599949437142039
138.790000000001 0.0597162825146173
138.820000000001 0.0594395540343081
138.850000000001 0.0591647404805872
138.880000000001 0.0588918242645947
138.910000000001 0.0586207879985102
138.940000000001 0.0583516144928083
138.970000000001 0.0580842867535565
139.000000000001 0.0578187879797566
139.030000000001 0.0575551015607282
139.060000000001 0.0572932110735324
139.090000000001 0.0570331002804374
139.120000000001 0.0567747531264229
139.150000000001 0.0565181537367237
139.180000000001 0.0562632864144118
139.210000000001 0.0560101356380163
139.240000000001 0.0557586860591799
139.270000000001 0.0555089225003521
139.300000000001 0.0552608299525183
139.330000000001 0.0550143935729632
139.360000000001 0.0547695986830692
139.390000000001 0.0545264307661491
139.420000000001 0.054284875465311
139.450000000001 0.0540449185813568
139.480000000001 0.0538065460707124
139.510000000001 0.0535697440433895
139.540000000001 0.0533344987609784
139.570000000001 0.0531007966346716
139.600000000002 0.0528686242233167
139.630000000002 0.0526379682314993
139.660000000002 0.0524088155076545
139.690000000002 0.0521811530422073
139.720000000002 0.0519549679657401
139.750000000002 0.0517302475471885
139.780000000002 0.0515069791920637
139.810000000002 0.0512851504407012
139.840000000002 0.0510647489665364
139.870000000002 0.0508457625744048
139.900000000002 0.0506281791988683
139.930000000002 0.0504119869025656
139.960000000002 0.0501971738745876
139.990000000002 0.049983728428876
140.020000000002 0.0497716390026462
140.050000000002 0.0495608941548331
140.080000000002 0.0493514825645592
140.110000000002 0.0491433930296259
140.140000000002 0.0489366144650263
140.170000000002 0.0487311359014795
140.200000000002 0.048526946483987
140.230000000002 0.0483240354704091
140.260000000002 0.0481223922300624
140.290000000002 0.0479220062423374
140.320000000002 0.0477228670953363
140.350000000002 0.04752496448453
140.380000000002 0.0473282882114347
140.410000000002 0.047132828182307
140.440000000002 0.0469385744068583
140.470000000002 0.0467455169969874
140.500000000002 0.0465536461655304
140.530000000002 0.0463629522250291
140.560000000002 0.0461734255865173
140.590000000002 0.0459850567583229
140.620000000002 0.045797836344888
140.650000000002 0.0456117550456055
140.680000000002 0.0454268036536718
140.710000000002 0.0452429730549554
140.740000000002 0.0450602542268825
140.770000000002 0.0448786382373363
140.800000000002 0.0446981162435736
140.830000000002 0.0445186794911552
140.860000000002 0.0443403193128918
140.890000000002 0.0441630271278041
140.920000000002 0.0439867944400977
140.950000000002 0.0438116128381521
140.980000000002 0.0436374739935232
141.010000000002 0.0434643696599604
141.040000000002 0.0432922916724362
141.070000000002 0.0431212319461898
141.100000000002 0.042951182475784
141.130000000002 0.0427821353341737
141.160000000002 0.0426140826717889
141.190000000002 0.0424470167156289
141.220000000002 0.0422809297683689
141.250000000002 0.0421158142074795
141.280000000002 0.0419516624843574
141.310000000002 0.041788467123468
141.340000000002 0.0416262207214997
141.370000000002 0.0414649159465295
141.400000000002 0.0413045455371998
141.430000000002 0.041145102301906
141.460000000002 0.0409865791179958
141.490000000002 0.040828968930978
141.520000000002 0.0406722647537428
141.550000000002 0.040516459665792
141.580000000002 0.0403615468124796
141.610000000002 0.0402075194042624
141.640000000002 0.0400543707159605
141.670000000002 0.0399020940860276
141.700000000002 0.0397506829158312
141.730000000002 0.0396001306689414
141.760000000002 0.0394504308704302
141.790000000002 0.0393015771061792
141.820000000002 0.0391535630221965
141.850000000002 0.0390063823239425
141.880000000002 0.0388600287756652
141.910000000002 0.0387144961997426
141.940000000002 0.0385697784760353
141.970000000002 0.0384258695412464
142.000000000002 0.0382827633882904
142.030000000002 0.0381404540656696
142.060000000002 0.0379989356768586
142.090000000002 0.0378582023796978
142.120000000002 0.037718248385793
142.150000000002 0.0375790679599241
142.180000000002 0.0374406554194606
142.210000000002 0.0373030051337848
142.240000000002 0.0371661115237223
142.270000000002 0.0370299690609801
142.300000000002 0.0368945722675912
142.330000000002 0.0367599157153669
142.360000000002 0.0366259940253552
142.390000000002 0.0364928018673074
142.420000000002 0.0363603339591498
142.450000000002 0.0362285850664632
142.480000000002 0.0360975500019689
142.510000000002 0.0359672236250202
142.540000000002 0.0358376008411015
142.570000000002 0.0357086766013327
142.600000000002 0.0355804459019805
142.630000000002 0.0354529037839753
142.660000000002 0.0353260453324341
142.690000000002 0.0351998656761899
142.720000000002 0.0350743599873262
142.750000000002 0.0349495234807179
142.780000000002 0.0348253514135771
142.810000000002 0.0347018390850057
142.840000000002 0.0345789818355519
142.870000000002 0.0344567750467738
142.900000000002 0.034335214140807
142.930000000002 0.0342142945799386
142.960000000002 0.0340940118661855
142.990000000002 0.0339743615408784
143.020000000002 0.0338553391842506
143.050000000002 0.0337369404150321
143.080000000002 0.0336191608900481
143.110000000002 0.0335019963038231
143.140000000002 0.0333854423881892
143.170000000002 0.033269494911899
143.200000000002 0.0331541496802443
143.230000000002 0.0330394025346777
143.260000000002 0.0329252493524402
143.290000000002 0.0328116860461923
143.320000000002 0.0326987085636505
143.350000000002 0.0325863128872268
143.380000000002 0.0324744950336738
143.410000000002 0.0323632510537335
143.440000000002 0.0322525770317898
143.470000000002 0.0321424690855262
143.500000000002 0.0320329233655864
143.530000000002 0.03192393605524
143.560000000002 0.0318155033700513
143.590000000002 0.0317076215575522
143.620000000002 0.0316002868969196
143.650000000002 0.0314934956986555
143.680000000002 0.0313872443042719
143.710000000002 0.0312815290859786
143.740000000002 0.0311763464463752
143.770000000002 0.0310716928181464
143.800000000002 0.0309675646637607
143.830000000002 0.0308639584751733
143.860000000002 0.0307608707735317
143.890000000002 0.0306582981088849
143.920000000002 0.0305562370598964
143.950000000002 0.0304546842335599
143.980000000002 0.0303536362649189
144.010000000002 0.0302530898167887
144.040000000002 0.0301530415794828
144.070000000002 0.030053488270541
144.100000000002 0.029954426634462
144.130000000002 0.0298558534424382
144.160000000002 0.0297577654920937
144.190000000002 0.0296601596072253
144.220000000002 0.0295630326375467
144.250000000002 0.0294663814584356
144.280000000002 0.0293702029706829
144.310000000002 0.0292744941002459
144.340000000002 0.0291792517980035
144.370000000002 0.0290844730395144
144.400000000002 0.0289901548247779
144.430000000002 0.0288962941779982
144.460000000002 0.0288028881473496
144.490000000002 0.0287099338047463
144.520000000002 0.0286174282456137
144.550000000002 0.028525368588662
144.580000000002 0.0284337519756636
144.610000000002 0.0283425755712314
144.640000000002 0.0282518365626009
144.670000000002 0.0281615321594138
144.700000000002 0.0280716595935047
144.730000000002 0.0279822161186896
144.760000000002 0.0278931990105572
144.790000000002 0.027804605566262
144.820000000002 0.0277164331043202
144.850000000002 0.0276286789644078
144.880000000002 0.0275413405071604
144.910000000002 0.0274544151139756
144.940000000002 0.0273679001868179
144.970000000002 0.0272817931480247
145.000000000002 0.027196091440116
145.030000000002 0.0271107925256042
145.060000000002 0.0270258938868078
145.090000000002 0.0269413930256663
145.120000000002 0.0268572874635566
145.150000000002 0.0267735747411128
145.180000000002 0.0266902524180465
145.210000000002 0.0266073180729697
145.240000000002 0.02652476930322
145.270000000002 0.026442603724687
145.300000000002 0.0263608189716406
145.330000000002 0.0262794126965618
145.360000000002 0.0261983825699749
145.390000000002 0.0261177262802809
145.420000000002 0.0260374415335942
145.450000000002 0.0259575260535791
145.480000000002 0.0258779775812901
145.510000000002 0.025798793875012
145.540000000002 0.0257199727101033
145.570000000002 0.02564151187884
145.600000000002 0.0255634091902619
145.630000000002 0.0254856624700199
145.660000000002 0.0254082695602258
145.690000000002 0.0253312283193026
145.720000000002 0.0252545366218372
145.750000000002 0.0251781923584342
145.780000000002 0.0251021934355714
145.810000000002 0.0250265377754571
145.840000000002 0.0249512233158882
145.870000000002 0.0248762480101105
145.900000000002 0.0248016098266798
145.930000000002 0.0247273067493254
145.960000000002 0.0246533367768138
145.990000000002 0.0245796979228147
146.020000000002 0.0245063882157684
146.050000000002 0.0244334056987538
146.080000000002 0.0243607484293587
146.110000000002 0.0242884144795508
146.140000000002 0.0242164019355503
146.170000000002 0.024144708897704
146.200000000002 0.02407333348036
146.230000000002 0.0240022738117446
146.260000000002 0.0239315280338397
146.290000000002 0.023861094302262
146.320000000002 0.0237909707861431
146.350000000002 0.023721155668011
146.380000000002 0.0236516471436728
146.410000000002 0.0235824434220983
146.440000000002 0.0235135427253052
146.470000000002 0.0234449432882455
146.500000000002 0.0233766433586925
146.530000000002 0.0233086411971294
146.560000000002 0.0232409350766391
146.590000000002 0.0231735232827947
146.620000000002 0.0231064041135515
146.650000000002 0.0230395758791399
146.680000000002 0.0229730369019594
146.710000000002 0.0229067855164737
146.740000000002 0.0228408200691066
146.770000000002 0.0227751389181396
146.800000000002 0.0227097404336099
146.830000000002 0.0226446229972094
146.860000000002 0.0225797850021851
146.890000000002 0.0225152248532405
146.920000000002 0.0224509409664376
146.950000000002 0.0223869317691
146.980000000002 0.022323195699717
147.010000000002 0.0222597312078492
147.040000000002 0.0221965367540338
147.070000000002 0.022133610809692
147.100000000002 0.0220709518570368
147.130000000002 0.0220085583889815
147.160000000002 0.0219464289090499
147.190000000002 0.0218845619312863
147.220000000002 0.0218229559801674
147.250000000002 0.0217616095905144
147.280000000002 0.0217005213074059
147.310000000002 0.0216396896860925
147.340000000002 0.0215791132919113
147.370000000002 0.0215187907002013
147.400000000002 0.0214587204962206
147.430000000002 0.0213989012750632
147.460000000002 0.0213393316415772
147.490000000002 0.0212800102102839
147.520000000002 0.0212209356052971
147.550000000002 0.021162106460244
147.580000000002 0.0211035214181864
147.610000000002 0.0210451791315423
147.640000000002 0.0209870782620091
147.670000000002 0.0209292174804867
147.700000000002 0.0208715954670023
147.730000000002 0.0208142109106345
147.760000000002 0.0207570625094397
147.790000000002 0.0207001489703784
147.820000000002 0.0206434690092418
147.850000000002 0.0205870213505801
147.880000000002 0.0205308047276307
147.910000000002 0.0204748178822472
147.940000000002 0.0204190595648299
147.970000000002 0.0203635285342553
148.000000000002 0.0203082235578081
148.030000000002 0.0202531434111125
148.060000000002 0.0201982868780647
148.090000000002 0.0201436527507664
148.120000000002 0.0200892398294577
148.150000000002 0.0200350469224523
148.180000000002 0.0199810728460718
148.210000000002 0.0199273164245816
148.240000000002 0.0198737764901269
148.270000000002 0.0198204518826695
148.300000000002 0.0197673414499253
148.330000000002 0.0197144440473019
148.360000000002 0.0196617585378376
148.390000000002 0.0196092837921399
148.420000000002 0.0195570186883255
148.450000000002 0.0195049621119606
148.480000000002 0.0194531129560015
148.510000000002 0.0194014701207357
148.540000000002 0.0193500325137242
148.570000000002 0.0192987990497437
148.600000000002 0.0192477686507295
148.630000000002 0.0191969402457187
148.660000000002 0.0191463127707947
148.690000000002 0.0190958851690314
148.720000000002 0.019045656390438
148.750000000002 0.0189956253919049
148.780000000002 0.0189457911371494
148.810000000002 0.0188961525966624
148.840000000002 0.018846708747655
148.870000000002 0.0187974585740065
148.900000000002 0.0187484010662118
148.930000000002 0.0186995352213305
148.960000000002 0.0186508600429348
148.990000000002 0.0186023745410599
149.020000000002 0.018554077732153
149.050000000002 0.018505968639024
149.080000000002 0.018458046290796
149.110000000002 0.0184103097228565
149.140000000002 0.0183627579768091
149.170000000002 0.0183153901004254
149.200000000002 0.0182682051475974
149.230000000002 0.0182212021782907
149.260000000002 0.0181743802584975
149.290000000002 0.0181277384601902
149.320000000002 0.018081275861276
149.350000000002 0.0180349915455511
149.380000000002 0.0179888846026559
149.410000000002 0.0179429541280299
149.440000000002 0.0178971992228681
149.470000000002 0.0178516189940766
149.500000000002 0.0178062125542294
149.530000000002 0.0177609790215253
149.560000000002 0.017715917519745
149.590000000002 0.0176710271782091
149.620000000002 0.0176263071317359
149.650000000002 0.0175817565206001
149.680000000002 0.0175373744904911
149.710000000002 0.0174931601924726
149.740000000002 0.017449112782942
149.770000000002 0.0174052314235902
149.800000000002 0.0173615152813618
149.830000000002 0.0173179635284157
149.860000000002 0.017274575342086
149.890000000002 0.0172313499048434
149.920000000002 0.0171882864042564
149.950000000002 0.0171453840329537
149.980000000002 0.0171026419885861
150.010000000002 0.0170600594737892
150.040000000002 0.0170176356961465
150.070000000002 0.0169753698681522
150.100000000002 0.0169332612071751
150.130000000002 0.0168913089354223
150.160000000002 0.0168495122799036
150.190000000002 0.0168078704723954
150.220000000002 0.0167663827494064
150.250000000002 0.0167250483521418
150.280000000002 0.0166838665264691
150.310000000002 0.0166428365228841
150.340000000002 0.0166019575964762
150.370000000002 0.016561229006895
150.400000000002 0.0165206500183172
150.430000000002 0.0164802198994127
150.460000000002 0.0164399379233125
150.490000000002 0.0163998033675756
150.520000000002 0.0163598155141568
150.550000000002 0.0163199736493749
150.580000000002 0.0162802770638806
150.610000000002 0.0162407250526251
150.640000000002 0.016201316914829
150.670000000002 0.0161620519539513
150.700000000002 0.0161229294776585
150.730000000002 0.0160839487977944
150.760000000002 0.0160451092303498
150.790000000002 0.0160064100954326
150.820000000002 0.0159678507172379
150.850000000002 0.015929430424019
150.880000000002 0.0158911485480579
150.910000000002 0.0158530044256363
150.940000000002 0.0158149973970072
150.970000000002 0.015777126806366
151.000000000002 0.0157393920018229
151.030000000002 0.0157017923353743
151.060000000002 0.0156643271628754
151.090000000002 0.0156269958440124
151.120000000002 0.0155897977422756
151.150000000002 0.015552732224932
151.180000000002 0.0155157986629986
151.210000000002 0.0154789964312156
151.240000000002 0.0154423249080203
151.270000000002 0.0154057834755208
151.300000000002 0.0153693715194698
151.330000000002 0.015333088429239
151.360000000002 0.0152969335977939
151.390000000002 0.0152609064216677
151.420000000002 0.0152250063009371
151.450000000002 0.0151892326391966
151.480000000002 0.0151535848435342
151.510000000002 0.0151180623245068
151.540000000002 0.0150826644961157
151.570000000002 0.0150473907757829
151.600000000002 0.0150122405843268
151.630000000002 0.0149772133459387
151.660000000002 0.0149423084881591
151.690000000002 0.0149075254418545
151.720000000002 0.0148728636411942
151.750000000002 0.0148383225236274
151.780000000002 0.0148039015298602
151.810000000002 0.0147696001038334
151.840000000002 0.0147354176926997
151.870000000002 0.0147013537468016
151.900000000002 0.0146674077196496
151.930000000002 0.0146335790679
151.960000000002 0.0145998672513333
151.990000000002 0.0145662717328327
152.020000000002 0.0145327919783629
152.050000000002 0.0144994274569485
152.080000000002 0.0144661776406536
152.110000000002 0.0144330420045605
152.140000000002 0.014400020026749
152.170000000002 0.0143671111882762
152.200000000002 0.0143343149731561
152.230000000002 0.0143016308683392
152.260000000002 0.0142690583636925
152.290000000002 0.01423659695198
152.320000000002 0.0142042461288426
152.350000000002 0.0141720053927785
152.380000000002 0.0141398742451243
152.410000000002 0.0141078521900353
152.440000000002 0.0140759387344665
152.470000000002 0.0140441333881539
152.500000000002 0.0140124356635952
152.530000000002 0.0139808450760319
152.560000000002 0.0139493611434301
152.590000000002 0.0139179833864625
152.620000000002 0.0138867113284901
152.650000000002 0.0138555444955444
152.680000000002 0.0138244824163088
152.710000000002 0.0137935246221018
152.740000000002 0.0137626706468585
152.770000000002 0.0137319200271133
152.800000000002 0.013701272301983
152.830000000002 0.0136707270131489
152.860000000002 0.0136402837048403
152.890000000002 0.0136099419238169
152.920000000002 0.0135797012193526
152.950000000002 0.0135495611432184
152.980000000002 0.013519521249666
153.010000000002 0.013489581095411
153.040000000002 0.0134597402396173
153.070000000002 0.01342999824388
153.100000000002 0.0134003546722103
153.130000000002 0.0133708090910185
153.160000000002 0.0133413610690992
153.190000000002 0.0133120101776149
153.220000000002 0.0132827559900805
153.250000000002 0.0132535980823483
153.280000000002 0.0132245360325922
153.310000000002 0.0131955694212924
153.340000000002 0.0131666978312209
153.370000000002 0.0131379208474257
153.400000000002 0.0131092380572167
153.430000000002 0.0130806490501502
153.460000000002 0.0130521534180148
153.490000000002 0.0130237507548166
153.520000000002 0.0129954406567649
153.550000000002 0.0129672227222577
153.580000000002 0.0129390965518677
153.610000000002 0.0129110617483278
153.640000000002 0.0128831179165178
153.670000000002 0.0128552646634497
153.700000000002 0.0128275015982546
153.730000000002 0.0127998283321683
153.760000000002 0.0127722444785186
153.790000000002 0.0127447496527109
153.820000000002 0.0127173434722156
153.850000000002 0.0126900255565543
153.880000000002 0.0126627955272867
153.910000000002 0.0126356530079979
153.940000000002 0.0126085976242849
153.970000000002 0.0125816290037439
154.000000000002 0.0125547467759577
154.030000000002 0.0125279505724829
154.060000000002 0.0125012400268371
154.090000000002 0.0124746147744866
154.120000000002 0.0124480744528339
154.150000000002 0.0124216187012055
154.180000000002 0.0123952471608395
154.210000000002 0.0123689594748736
154.240000000002 0.0123427552883329
154.270000000002 0.012316634248118
154.300000000002 0.0122905960029933
154.330000000002 0.012264640203575
154.360000000002 0.0122387665023194
154.390000000002 0.0122129745535114
154.420000000002 0.012187264013253
154.450000000002 0.0121616345394516
154.480000000002 0.0121360857918091
154.510000000002 0.01211061743181
154.540000000002 0.0120852291227109
154.570000000002 0.0120599205295288
154.600000000002 0.0120346913190304
154.630000000002 0.0120095411597211
154.660000000002 0.011984469721834
154.690000000002 0.0119594766773193
154.720000000002 0.0119345616998335
154.750000000002 0.0119097244647286
154.780000000002 0.011884964649042
154.810000000002 0.0118602819314853
154.840000000002 0.0118356759924348
154.870000000002 0.0118111465139202
154.900000000002 0.0117866931796152
154.930000000002 0.0117623156748269
154.960000000002 0.0117380136864855
154.990000000002 0.0117137869031347
155.020000000002 0.0116896350149216
155.050000000002 0.0116655577135867
155.080000000002 0.0116415546924541
155.110000000002 0.0116176256464218
155.140000000002 0.011593770271952
155.170000000002 0.0115699882670616
155.200000000002 0.0115462793313124
155.230000000002 0.011522643165802
155.260000000002 0.011499079473154
155.290000000002 0.0114755879575089
155.320000000002 0.0114521683245148
155.350000000002 0.0114288202813181
155.380000000002 0.0114055435365547
155.410000000002 0.0113823378003402
155.440000000002 0.0113592027842618
155.470000000002 0.0113361382013686
155.500000000002 0.0113131437661631
155.530000000002 0.0112902191945923
155.560000000002 0.011267364204039
155.590000000002 0.011244578513313
155.620000000002 0.0112218618426424
155.650000000002 0.0111992139136654
155.680000000002 0.0111766344494212
155.710000000002 0.0111541231743422
155.740000000002 0.0111316798142449
155.770000000002 0.0111093040963223
155.800000000002 0.011086995749135
155.830000000002 0.0110647545026034
155.860000000002 0.0110425800879993
155.890000000002 0.011020472237938
155.920000000002 0.0109984306863699
155.950000000002 0.010976455168573
155.980000000002 0.0109545454211446
156.010000000002 0.0109327011819934
156.040000000002 0.010910922190332
156.070000000002 0.0108892081866688
156.100000000002 0.0108675589128005
156.130000000002 0.0108459741118042
156.160000000002 0.0108244535280302
156.190000000002 0.0108029969070938
156.220000000002 0.0107816039958686
156.250000000002 0.0107602745424783
156.280000000002 0.0107390082962898
156.310000000002 0.0107178050079055
156.340000000002 0.0106966644291564
156.370000000002 0.0106755863130944
156.400000000002 0.0106545704139854
156.430000000002 0.010633616487302
156.460000000002 0.0106127242897167
156.490000000002 0.0105918935790943
156.520000000002 0.0105711241144854
156.550000000002 0.0105504156561192
156.580000000002 0.0105297679653967
156.610000000002 0.0105091808048836
156.640000000002 0.0104886539383038
156.670000000002 0.0104681871305325
156.700000000002 0.0104477801475895
156.730000000002 0.0104274327566324
156.760000000002 0.0104071447259501
156.790000000002 0.0103869158249561
156.820000000002 0.0103667458241823
156.850000000002 0.0103466344952718
156.880000000002 0.0103265816109734
156.910000000002 0.0103065869451343
156.940000000002 0.0102866502726941
156.970000000002 0.0102667713696788
157.000000000002 0.0102469500131939
157.030000000002 0.0102271859814185
157.060000000002 0.0102074790535993
157.090000000002 0.0101878290100439
157.120000000002 0.0101682356321152
157.150000000002 0.0101486987022251
157.180000000002 0.0101292180038284
157.210000000002 0.010109793321417
157.240000000002 0.0100904244405138
157.270000000002 0.0100711111476669
157.300000000002 0.0100518532304436
157.330000000002 0.0100326504774246
157.360000000002 0.0100135026781985
157.390000000002 0.00999440962335537
157.420000000002 0.00997537110448177
157.450000000002 0.00995638691415464
157.480000000002 0.00993745684593576
157.510000000002 0.00991858069436618
157.540000000002 0.0098997582549606
157.570000000002 0.0098809893242019
157.600000000002 0.00986227369953558
157.630000000002 0.00984361117936438
157.660000000002 0.00982500156304277
157.690000000002 0.00980644465087164
157.720000000002 0.00978794024409292
157.750000000002 0.00976948814488425
157.780000000002 0.00975108815635373
157.810000000002 0.00973274008253467
157.840000000002 0.00971444372838036
157.870000000002 0.00969619889975891
157.900000000002 0.00967800540344811
157.930000000002 0.0096598630471303
157.960000000002 0.00964177163938732
157.990000000002 0.00962373098969548
158.020000000002 0.00960574090842049
158.050000000002 0.00958780120681254
158.080000000002 0.00956991169700136
158.110000000002 0.00955207219199126
158.140000000002 0.00953428250565628
158.170000000002 0.00951654245273537
158.200000000002 0.00949885184882751
158.230000000002 0.00948121051038697
158.260000000002 0.00946361825471854
158.290000000002 0.00944607489997283
158.320000000002 0.00942858026514154
158.350000000002 0.00941113417005282
158.380000000002 0.00939373643536662
158.410000000002 0.00937638688257013
158.440000000002 0.00935908533397316
158.470000000002 0.0093418316127036
158.500000000002 0.00932462554270296
158.530000000002 0.0093074669487218
158.560000000002 0.00929035565631535
158.590000000002 0.00927329149183903
158.620000000002 0.0092562742824441
158.650000000002 0.00923930385607323
158.680000000002 0.00922238004145621
158.710000000002 0.00920550266810559
158.740000000002 0.00918867156631243
158.770000000002 0.00917188656714203
158.800000000002 0.00915514750242968
158.830000000002 0.00913845420477646
158.860000000002 0.00912180650754507
158.890000000002 0.00910520424485567
158.920000000002 0.00908864725158177
158.950000000002 0.00907213536334608
158.980000000002 0.00905566841651651
159.010000000002 0.00903924624820206
159.040000000002 0.00902286869624881
159.070000000002 0.00900653559923596
159.100000000002 0.0089902467964718
159.130000000002 0.00897400212798982
159.160000000002 0.00895780143454472
159.190000000002 0.00894164455760861
159.220000000002 0.00892553133936702
159.250000000002 0.00890946162271514
159.280000000002 0.00889343525125397
159.310000000002 0.00887745206928651
159.340000000002 0.00886151192181399
159.370000000002 0.0088456146545321
159.400000000002 0.0088297601138273
159.430000000002 0.00881394814677309
159.460000000002 0.00879817860112631
159.490000000002 0.00878245132532351
159.520000000002 0.0087667661684773
159.550000000002 0.00875112298037273
159.580000000002 0.00873552161146372
159.610000000002 0.00871996191286947
159.640000000002 0.0087044437363709
159.670000000002 0.00868896693440717
159.700000000002 0.00867353136007214
159.730000000002 0.00865813686711088
159.760000000002 0.00864278330991625
159.790000000002 0.00862747054352544
159.820000000002 0.00861219842361653
159.850000000002 0.00859696680650513
159.880000000002 0.008581775549141
159.910000000002 0.00856662450910467
159.940000000002 0.00855151354460413
159.970000000002 0.0085364425144715
