0.1 18.5139234669478 0.919345971370375 0.114367323368156 
0.2 12.6853937757005 0.447567902394997 0.078811219232709 
0.3 8.69179434234256 0.179490243403503 0.0549474787405518 
0.4 5.95545477147844 0.047146781078682 0.0390996585166076 
0.5 4.08056612227278 0.00197229269647185 0.0286970533992957 
0.6 2.79592751807713 0.00978576568474352 0.0219736864055847 
0.7 1.91571719513932 0.0469864983247056 0.0177408484761743 
0.8 1.31261355955195 0.0976837190297678 0.0152168311451543 
0.9 0.899378238651941 0.151542402354026 0.0139008631258909 
1 0.616237132607995 0.202176608576637 0.013480978148222 
1.1 0.422234147197202 0.2459597561745 0.0137677260126554 
1.2 0.289306933363196 0.281150993257458 0.0146473904129567 
1.3 0.198227694864589 0.307260039706214 0.0160497767606341 
1.4 0.135821905664454 0.324590930349219 0.0179267476406513 
1.5 0.0930626271516984 0.333919110574534 0.0202385672338867 
1.6 0.0637647699758538 0.336267195023698 0.0229458137198679 
1.7 0.0436904266999231 0.332753087743338 0.0260051667846325 
1.8 0.0299358624824364 0.324490621733889 0.0293678056070897 
1.9 0.0205114925684377 0.312527834303773 0.0329794852266515 
2 0.014054090729202 0.297811787153155 0.0367816155815908 
2.1 0.0096295998726379 0.281171729231207 0.0407128635829918 
2.2 0.00659802156495494 0.263314591456412 0.0447109471197407 
2.3 0.00452084086020127 0.244828455611611 0.0487144011389123 
2.4 0.00309759552648642 0.226190879936167 0.0526641781360185 
2.5 0.00212241446722404 0.207779888126146 0.0565050050848591 
2.6 0.00145423866097568 0.189886111803156 0.0601864612555325 
2.7 0.000996417106901066 0.172725077146875 0.0636637706414364 
2.8 0.000682726348547884 0.156448989107205 0.0668983220938573 
2.9 0.000467791313269581 0.141157625841343 0.0698579422921598 
3 0.000320521850717956 0.126908138110247 0.0725169533393196 
3.1 0.000219615571887414 0.113723673410477 0.0748560495958409 
3.2 0.000150476478615734 0.101600827862363 0.0768620285204951 
3.3 0.000103103666201773 0.0905159818411467 0.078527408660541 
3.4 7.06447019629755E-05 0.080430606671351 0.0798499651905833 
3.5 4.84044273039811E-05 0.0712956458544498 0.0808322100267979 
3.6 3.31658074494296E-05 0.0630550800370164 0.0814808398950413 
3.7 2.27245903946925E-05 0.0556487837478726 0.0818061720559895 
3.8 1.55704639301774E-05 0.0490147763725512 0.0818215838567398 
3.9 1.06685904031774E-05 0.0430909617025673 0.0815429689948667 
4 7.30991842639806E-06 0.0378164409667006 0.0809882204115218 
4.1 5.00861926282961E-06 0.033132474393269 0.0801767471057735 
4.2 3.43181215667123E-06 0.0289831566445852 0.0791290298905176 
4.3 2.3514134456335E-06 0.0253158622732427 0.077866219182178 
4.4 1.61114447408132E-06 0.0220815088883303 0.0764097763124921 
4.5 1.10392603273707E-06 0.0192346780950926 0.0747811585446889 
4.6 7.5638945194501E-07 0.016733627517633 0.0730015469384436 
4.7 5.18263892731246E-07 0.0145402213160194 0.0710916154068447 
4.8 3.55104717309663E-07 0.0126198015208337 0.0690713387131478 
4.9 2.43311104678803E-07 0.0109410181660522 0.0669598367354497 
5 1.66712214099918E-07 0.00947563253238182 0.0647752520557243 
5.1 1.14228088219757E-07 0.00819830474224849 0.0625346577803877 
5.2 7.82669476785925E-08 0.0070863744002587 0.06025399244979 
5.3 5.36270473785625E-08 0.00611964087879446 0.0579480189234648 
5.4 3.6744248956181E-08 0.00528014814253903 0.0556303042189143 
5.5 2.51764715260742E-08 0.00455197762948614 0.0533132174189222 
5.6 1.72504469817609E-08 0.00392105160713788 0.0510079429329396 
5.7 1.18196833405489E-08 0.00337494855528702 0.0487245065911139 
5.8 8.09862575842589E-09 0.00290273145119414 0.0464718122560804 
5.9 5.54902676199732E-09 0.00249478931487094 0.0442576868504093 
6 3.80208925857902E-09 0.00214269198239259 0.0420889319107666 
6.1 2.60512038420925E-09 0.00183905778901984 0.0399713799888604 
6.2 1.78497971895563E-09 0.00157743364072189 0.0379099544206161 
6.3 1.22303468829907E-09 0.00135218681522219 0.0359087311762229 
6.4 8.38000473001443E-10 0.00115840774769197 0.033971001682923 
6.5 5.74182236586673E-10 0.000991823009992668 0.0320993356785458 
6.6 3.93418919718325E-10 0.000848717676387897 0.0302956433061901 
6.7 2.69563278920716E-10 0.000725866275200468 0.0285612357989294 
6.8 1.8469971244523E-10 0.000620471548800832 0.0268968842280753 
6.9 1.26552785356882E-10 0.00053011027866918 0.0253028758997653 
7 8.67115994364869E-11 0.00045268547421191 0.0237790680830054 
7.1 5.9413164677729E-11 0.000386384270532082 0.0223249388385026 
7.2 4.07087882124525E-11 0.000329640929151311 0.0209396347924503 
7.3 2.78928996076101E-11 0.000281104385023222 0.0196220157637484 
7.4 1.91116926512254E-11 0.000239609831787488 0.0183706962078063 
7.5 1.30949740304249E-11 0.000204153884172754 0.0171840834859805 
7.6 8.97243106546648E-12 0.000173872901137155 0.0160604130077027 
7.7 6.14774180059492E-12 0.000148024095330728 0.0149977803232883 
7.8 4.21231759497691E-12 0.000125969093541768 0.013994170270078 
7.9 2.88620116076363E-12 0.000107159648846893 0.0130474832937091 
8 1.9775710051699E-12 9.11252382180426E-05 0.0121555590806317 
8.1 1.35499463227087E-12 7.74623094159739E-05 0.0113161976481291 
8.2 9.28416956297923E-13 6.58249682362458E-05 0.0105271780446607 
8.3 6.36133918329202E-13 5.59169217213817E-05 0.00978627481686045 
8.4 4.35867052302099E-13 4.74845149838856E-05 0.00909127240047459 
8.5 2.9864794473073E-13 4.03107189823988E-05 0.00843997759135276 
8.6 2.04627980988274E-13 3.42099441446131E-05 0.00783023024969406 
8.7 1.40207261901938E-13 2.90235703211713E-05 0.00725991238644469 
8.8 9.60673911509946E-14 2.4616097364696E-05 0.00672695577534033 
8.9 6.58235780184695E-14 2.08718328291299E-05 0.00622934822785011 
9 4.51010834294801E-14 1.7692044038603E-05 0.00576513866143309 
9.1 3.09024180657908E-14 1.49925112329046E-05 0.00533244108425708 
9.2 2.11737583600642E-14 1.27014267976716E-05 0.00492943761201883 
9.3 1.45078628518942E-14 1.07575928593684E-05 0.00455438062488024 
9.4 9.94051603641394E-15 9.1088758843745E-06 0.00420559416491526 
9.5 6.81105549996989E-15 7.7108824734452E-06 0.00388147466693799 
9.6 4.66680772444135E-15 6.52582538246817E-06 0.00358049110823316 
9.7 3.19760928933877E-15 5.5215530130874E-06 0.00330118465559351 
9.8 2.19094202525551E-15 4.67071927863612E-06 0.00304216788123325 
9.9 1.5011924608911E-15 3.95007392983372E-06 0.00280212361262601 
10 1.02858897161985E-15 3.33985618117087E-06 0.00257980347513436 
10.1 7.04769907990315E-16 2.82327686624713E-06 0.00237402618047189 
10.2 4.82895147540288E-16 2.38607641571166E-06 0.00218367560857634 
10.3 3.30870715213852E-16 2.01614773645475E-06 0.00200769872537558 
10.4 2.26706420107467E-16 1.70321461185209E-06 0.00184510337419511 
10.5 1.55334995074208E-16 1.43855757223341E-06 0.00169495597417915 
10.6 1.0643263072685E-16 1.21478033041076E-06 0.00155637915506749 
10.7 7.29256461367664E-17 1.02561086359958E-06 0.00142854935397488 
10.8 4.99672875521929E-17 8.65732071816718E-07 0.00131069439644408 
10.9 3.42366500344901E-17 7.30637672506186E-07 0.00120209108097303 
11 2.34583116876174E-17 6.16509617962266E-07 0.00110206278343268 
11.1 1.60731960246998E-17 5.20113860201587E-07 0.00100997709528001 
11.2 1.10130530231124E-17 4.38711749522682E-07 0.000925243507210843 
11.3 7.54593776517761E-18 3.69984748696218E-07 0.000847311147874094 
11.4 5.1703352954385E-18 3.11970483738179E-07 0.000775666585464215 
11.5 3.5426169548627E-18 2.63008442476541E-07 0.000709831698406574 
11.6 2.42733481906927E-18 2.21693880492995E-07 0.000649361619934062 
11.7 1.66316437789827E-18 1.86838706428616E-07 0.000593842760107689 
11.8 1.13956909701084E-18 1.57438300193487E-07 0.000542890907744064 
11.9 7.80811412341066E-19 1.32643372715243E-07 0.000496149413764636 
12 5.34997362811297E-19 1.11736108287534E-07 0.000453287456662175 
12.1 3.66570177755056E-19 9.41099435938353E-08 0.000413998390076793 
12.2 2.51167023540582E-19 7.9252433883867E-08 0.000377998171875258 
12.3 1.72094942639848E-19 6.67307389730925E-08 0.00034502387362271 
12.4 1.17916233049707E-19 5.61793317828757E-08 0.000314832268915187 
12.5 8.07939954733649E-20 4.72895918088492E-08 0.000287198498695341 
12.6 5.53585332207682E-20 3.98009967137122E-08 0.00026191481139401 
12.7 3.79306306415457E-20 3.34936684862445E-08 0.000238789375519116 
12.8 2.59893580476155E-20 2.81820674019682E-08 0.000217645162143563 
12.9 1.78074216089447E-20 2.37096583131098E-08 0.000198318894619111 
13 1.22013119284338E-20 1.9944400398888E-08 0.000180660062757591 
13.1 8.36011052269139E-21 1.67749341160417E-08 0.000164529998669155 
13.2 5.72819122743199E-21 1.41073582968578E-08 0.000149801011424719 
13.3 3.92484939630505E-21 1.18625066539126E-08 0.000136355577712082 
13.4 2.68923333248811E-21 9.97364679912555E-09 0.000124085585678565 
13.5 1.84261233650735E-21 8.38453663775604E-09 0.000112891629194021 
13.6 1.26252347895292E-21 7.0477829695408E-09 0.000102682349823671 
13.7 8.6505745312047E-22 5.92345558666339E-09 9.33738238677526E-05 
13.8 5.92721172852878E-22 4.97791732940472E-09 8.48889919020029E-05 
13.9 4.06121451795834E-22 4.1828366390003E-09 7.71571283376027E-05 
14 2.78266816106624E-22 3.51435429837749E-09 7.01133486093496E-05 
14.1 1.90663213193291E-22 2.95238041537475E-09 6.36981516951361E-05 
14.2 1.30638864431687E-22 2.48000139904927E-09 5.78569957667699E-05 
14.3 8.95113043264359E-23 2.08297980915546E-09 5.25399048706802E-05 
14.4 6.13314700573621E-23 1.74933260797246E-09 4.77011046360833E-05 
14.5 4.20231751475683E-23 1.46897558554358E-09 4.32986851068689E-05 
14.6 2.87934929300004E-23 1.23342362618827E-09 3.92942888911193E-05 
14.7 1.97287623364644E-23 1.03553808858654E-09 3.56528229181808E-05 
14.8 1.35177786270993E-23 8.69313928556234E-10 3.23421921870738E-05 
14.9 9.26212886013257E-24 7.29700340795664E-10 2.93330539813799E-05 
15 6.34623730630726E-24 6.12449665526677E-10 2.65985911142512E-05 
15.1 4.34832299962077E-24 5.1399012542622E-10 2.41143028526164E-05 
15.2 2.97938951798088E-24 4.31318650596401E-10 2.18578122518348E-05 
15.3 2.04142192303298E-24 3.61910634179873E-10 1.98086887108422E-05 
15.4 1.39874408589042E-24 3.03643955169377E-10 1.79482846331752E-05 
15.5 9.583932629207E-25 2.54735022034487E-10 1.62595851511032E-05 
15.6 6.56673122465475E-25 2.13684942887234E-10 1.47270699384526E-05 
15.7 4.49940130478818E-25 1.79234225095474E-10 1.33365862025847E-05 
15.8 3.08290554446957E-25 1.50324658044272E-10 1.20752320074499E-05 
15.9 2.11234916654509E-25 1.26067244344529E-10 1.09312491377445E-05 
16 1.44734210537464E-25 1.05715223286535E-10 9.89392476903488E-06 
16.1 9.91691716107944E-26 8.86413808847231E-11 8.95350126037564E-06 
16.2 6.79488599236577E-26 7.43189678127014E-11 8.1010934345508E-06 
16.3 4.65572868052699E-26 6.23056535641746E-11 7.32861275670894E-06 
16.4 3.19001813585025E-26 5.22300354047567E-11 6.62869786498158E-06 
16.5 2.18574070899289E-26 4.37802967282316E-11 5.99465094677443E-06 
16.6 1.49762861635749E-26 3.66946735167921E-11 5.42037949194E-06 
16.7 1.02614709206121E-26 3.07534416011587E-11 4.90034298909551E-06 
16.8 7.0309677782914E-27 2.57721829045532E-11 4.42950416406845E-06 
16.9 4.81748750075133E-27 2.15961271690032E-11 4.00328438995693E-06 
17 3.30085225131492E-27 1.80953979297073E-11 3.61752292670188E-06 
17.1 2.26168217007541E-27 1.51610186736044E-11 3.26843967450215E-06 
17.2 1.54966228385396E-27 1.27015579935495E-11 2.95260114997574E-06 
17.3 1.06179958695051E-27 1.06403118058033E-11 2.66688941678966E-06 
17.4 7.27525199906423E-28 8.91293690613676E-12 2.408473723657E-06 
17.5 4.98486647578201E-28 7.46546377947603E-12 2.17478462223088E-06 
17.6 3.4155371916425E-28 6.25262805499255E-12 1.96349035561239E-06 
17.7 2.34026214426597E-28 5.23646965445166E-12 1.77247532502464E-06 
17.8 1.60350381113859E-28 4.38515680435343E-12 1.59982045777713E-06 
17.9 1.09869079352323E-28 3.67199891447611E-12 1.44378531403917E-06 
18 7.52802364040275E-29 3.07461807120127E-12 1.30279178323555E-06 
18.1 5.15806087249828E-29 2.57425372557326E-12 1.1754092331513E-06 
18.2 3.53420675004341E-29 2.15517921837285E-12 1.06034098615271E-06 
18.3 2.4215723041676E-29 1.80421219961976E-12 9.56412007369194E-07 
18.4 1.65921601056289E-29 1.51030387062419E-12 8.6255769929661E-07 
18.5 1.13686374962678E-29 1.26419438948676E-12 7.77813706136717E-07 
18.6 7.78957758958067E-30 1.05812380860913E-12 7.01306639336531E-07 
18.7 5.33727274213987E-30 8.85589616599809E-13 6.3224564328588E-07 
18.8 3.65699936824455E-30 7.41143388497308E-13 5.69914727021429E-07 
18.9 2.50570750745995E-30 6.20220250867862E-13 5.13665794116071E-07 
19 1.71686387683327E-30 5.18995878554898E-13 4.62912308745982E-07 
19.1 1.17636298841719E-30 4.342665883581E-13 4.17123541264033E-07 
19.2 8.06021897944667E-31 3.63348807511959E-13 3.75819341504041E-07 
19.3 5.52271115602238E-31 3.03994793224548E-13 3.38565392529862E-07 
19.4 3.78405829799764E-31 2.5432198197618E-13 3.04968901658734E-07 
19.5 2.59276590756164E-31 2.12753769107915E-13 2.74674689358656E-07 
19.6 1.7765146628346E-31 1.77969873347751E-13 2.47361640072747E-07 
19.7 1.21723459031226E-31 1.48864738168229E-13 2.22739482184645E-07 
19.8 8.34026354439722E-32 1.24512671351648E-13 2.00545867231648E-07 
19.9 5.71459244944369E-32 1.04138633513564E-13 1.80543721118213E-07 
20 3.91553176819894E-32 8.70937620324736E-14 1.62518842501791E-07 
20.1 2.68284906813742E-32 7.28348642568977E-14 1.46277725734182E-07 
20.2 1.83823795808876E-32 6.09072375488635E-14 1.3164558776201E-07 
20.3 1.25952623674966E-32 5.09302774871084E-14 1.18464580235164E-07 
20.4 8.63003798871671E-33 4.25854225955447E-14 1.06592169756855E-07 
20.5 5.91314047406365E-33 3.56060569710827E-14 9.58996707466044E-08 
20.6 4.05157315781514E-33 2.97690534169456E-14 8.62709167904723E-08 
20.7 2.77606208158404E-33 2.48876910384116E-14 7.76010576324933E-08 
20.8 1.9021057699387E-33 2.08057243182627E-14 6.97954701280428E-08 
20.9 1.3032872658127E-33 1.73924167946194E-14 6.27687725434068E-08 
21 8.92988036771654E-34 1.45383827350897E-14 5.64439325549419E-08 
21.1 6.118586859053E-34 1.21521055788781E-14 5.07514601840105E-08 
21.2 4.19234117481796E-34 1.01570231920849E-14 4.56286777078646E-08 
21.3 2.87251369163276E-34 8.48908781311687E-15 4.10190593185642E-08 
21.4 1.96819260755322E-34 7.09472351067712E-15 3.6871633968205E-08 
21.5 1.34856872978915E-34 5.92911650232127E-15 3.31404454448787E-08 
21.6 9.2401404821146E-35 4.9547841781347E-15 2.97840642751659E-08 
21.7 6.3311712813155E-35 4.14037746968328E-15 2.67651465504049E-08 
21.8 4.3380000413351E-35 3.45967857410946E-15 2.40500352298453E-08 
21.9 2.97231642021107E-35 2.89076221778098E-15 2.16083998881705E-08 
22 2.03657556885075E-35 2.41529381670458E-15 1.9412911251397E-08 
22.1 1.39542345472932E-35 2.01794222418805E-15 1.74389472072199E-08 
22.2 9.56118028611906E-36 1.68588838597455E-15 1.5664327286557E-08 
22.3 6.55114174509875E-36 1.40841426328211E-15 1.40690728951441E-08 
22.4 4.48871968523416E-36 1.17655893043786E-15 1.26351908301286E-08 
22.5 3.07558669871292E-36 9.82830886203157E-16 1.13464778490449E-08 
22.6 2.1073344304427E-36 8.20967403587362E-16 1.01883442694565E-08 
22.7 1.44390610207399E-36 6.857332382132E-16 9.14765476888588E-09 
22.8 9.89337430968935E-37 5.72752267280678E-16 8.21258472818374E-09 
22.9 6.77875487131938E-37 4.78366679392108E-16 7.37249061885267E-09 
23 4.64467593836342E-37 3.99519213056255E-16 6.61779307749765E-09 
23.1 3.18244500382903E-37 3.33654676321805E-16 5.93987143988579E-09 
23.2 2.18055174070226E-37 2.78637594938733E-16 5.33096862427903E-09 
23.3 1.49407323242316E-37 2.32683351175683E-16 4.78410535987187E-09 
23.4 1.02371100954679E-37 1.94300606238933E-16 4.29300285234085E-09 
23.5 7.01427619694165E-38 1.62243159800996E-16 3.85201306561393E-09 
23.6 4.80605074167974E-38 1.35469701892635E-16 3.45605587783694E-09 
23.7 3.29301599809713E-38 1.13110164920773E-16 3.10056244091826E-09 
23.8 2.25631291606663E-38 9.44375948676215E-17 2.78142413766126E-09 
23.9 1.54598337152049E-38 7.88446375208296E-17 2.49494658898441E-09 
24 1.05927886508951E-38 6.58238835043403E-17 2.23780821664985E-09 
24.1 7.25798048475611E-39 5.49514396338349E-17 2.00702291479744E-09 
24.2 4.97303235750375E-39 4.58731976511695E-17 1.79990642688478E-09 
24.3 3.40742867533503E-39 3.82933579991029E-17 1.61404606379422E-09 
24.4 2.33470634068489E-39 3.1964838743262E-17 1.44727343427628E-09 
24.5 1.59969707853046E-39 2.66812603449195E-17 1.2976398909094E-09 
24.6 1.09608249160283E-39 2.22702476709263E-17 1.16339442368813E-09 
24.7 7.51015204392282E-40 1.8587833