0.1 1.61434225871536 0.542218370189479 1.80549247307101 -0.755547362727324 -0.917729098337378 
0.2 1.46071728120235 0.46479739272055 1.63394822451496 -0.680844152916831 -0.825117439272518 
0.3 1.32171165320364 0.397201290920269 1.47870279653667 -0.611576581351099 -0.738233573944101 
0.4 1.19593415967282 0.338261261662914 1.33820761541516 -0.547397862480885 -0.656867907618289 
0.5 1.08212597717936 0.286941981210617 1.21106120752862 -0.487981812376686 -0.58081324746293 
0.6 0.979148075180611 0.242326785311088 1.09599529160934 -0.433021667207784 -0.509864983000369 
0.7 0.885969816221304 0.203604461117422 0.991862059174546 -0.382228992654467 -0.443821243520882 
0.8 0.801658640967478 0.170057478367469 0.897622775299923 -0.335332632634515 -0.382483060805897 
0.9 0.725370734839229 0.141051505506749 0.812337388472516 -0.292077725219392 -0.325654508553948 
1 0.656342582830775 0.116026072775284 0.735155171764921 -0.252224768516297 -0.273142843071113 
1.1 0.593883327995651 0.0944862589033559 0.665306222909051 -0.215548744286037 -0.224758633947928 
1.2 0.537367857118188 0.0759952911519909 0.602093787091929 -0.181838283049358 -0.180315885498614 
1.3 0.486230544370338 0.0601679601502511 0.544887314680002 -0.150894880184862 -0.139632149426914 
1.4 0.439959590338275 0.0466647614664375 0.493116164955803 -0.122532153229269 -0.102528629380861 
1.5 0.398091899761844 0.0351866852321294 0.446263915904342 -0.0965751431719117 -0.0688302801077344 
1.6 0.360208446721537 0.0254705835317472 0.403863208792557 -0.0728596507918462 -0.0383658956267691 
1.7 0.325930080886259 0.0172850527790515 0.365491091542776 -0.0512316133555012 -0.0109681899053804 
1.8 0.294913732849374 0.0104267750181415 0.330764799760013 -0.0315465143289061 0.0135261300097666 
1.9 0.266848980574774 0.00471726809292849 0.299337934787748 -0.0136688277783511 0.0352762973689473 
2 0.241454942588807 0 0.270897009178795 0.00252850870465367 0.0544374277527583 
2.1 0.218477466824077 -0.00386217245819409 0.24515832043116 0.0171645886729606 0.0711604695702844 
2.2 0.197686586980134 -0.00698927631016387 0.221865123171224 0.0303510057402852 0.0855921608014885 
2.3 0.178874220943446 -0.00948623809564286 0.200785065675962 0.0421922942618367 0.0978749925535464 
2.4 0.161852088231661 -0.0114446709137811 0.181707871676788 0.0527863475097101 0.108147180050173 
2.5 0.146449825619265 -0.0129444580998712 0.164443243215001 0.062224809862052 0.116542641507203 
2.6 0.132513282085152 -0.0140551560539545 0.148818964406784 0.0705934481812294 0.123190983089361 
2.7 0.1199029760174 -0.0148372362996115 0.134679181369926 0.0779725012255102 0.128217490217007 
2.8 0.108492699234412 -0.015343184667577 0.121882848792522 0.084437010396909 0.131743125174013 
2.9 0.0981682538510169 -0.0156184735489417 0.110302321103221 0.0900571301981162 0.133884531953063 
3 0.0888263093476528 -0.0157024214218748 0.0998220814373695 0.0948984222298982 0.134754046519738 
3.1 0.0803733684037936 -0.0156289523019099 0.0903375884583427 0.0990221312592158 0.134459713073893 
3.2 0.0727248311453416 -0.0154272663790553 0.0817542332574832 0.10248544682216 0.133105305838762 
3.3 0.065804148440652 -0.0151224318675921 0.073986396636259 0.10534174850992 0.130790356448815 
3.4 0.0595420557710946 -0.014735906990535 0.0669565929009841 0.107640837841176 0.12761018714495 
3.5 0.0538758800084703 -0.0142860000361433 0.0605946996925925 0.109429156667217 0.123655948279023 
3.6 0.0487489121612795 -0.0137882745458832 0.054837256403055 0.110749992782867 0.119014661629811 
3.7 0.0441098398120739 -0.0132559059104722 0.0496268325399868 0.111643673868602 0.113769267267854 
3.8 0.0399122335655367 -0.0126999949529216 0.044911453870133 0.112147749822434 0.107998675963366 
3.9 0.0361140823674884 -0.0121298434557308 0.0406440835940224 0.112297165007368 0.101777825477206 
4 0.0326773730441362 -0.0115531960354356 0.0367821549418707 0.112124419933874 0.0951777411065721 
4.1 0.029567709853454 -0.0109764522743052 0.0332871447529697 0.111659723833827 0.088265599718701 
4.2 0.0267539702410358 -0.0104048525796047 0.0301241906509011 0.110931138131417 0.081104797503549 
4.3 0.0242079933551097 -0.00984264084968225 0.0272617420931427 0.109964711733253 0.0737550214692522 
4.4 0.0219042982032691 -0.00929320667799834 0.0246712459249645 0.108784607750084 0.0662723243033467 
4.5 0.0198198286301357 -0.00875920951645267 0.0223268627804983 0.107413223596754 0.0587092015353922 
4.6 0.0179337225636072 -0.00824268694381916 0.0202052071574223 0.105871303113152 0.0511146720771387 
4.7 0.0162271032202276 -0.00774514894007497 0.0182851164554967 0.104178042885951 0.0435343608674916 
4.8 0.0146828901799937 -0.00726765984958365 0.0165474374562023 0.102351191192911 0.0360105847385408 
4.9 0.0132856284397711 -0.00681090952251306 0.01497483735596 0.100407142261826 0.0285824396884701 
5 0.0120213337344276 -0.00637527495189026 0.0135516301192393 0.0983610238568897 0.0212858902089448 
5.1 0.010877352577608 -0.00596087357096229 0.0122636193873601 0.0962267802032546 0.0141538605990253 
5.2 0.00984223562138964 -0.00556760923993632 0.0110979584983624 0.0940172494605303 0.00721632763355525 
5.3 0.00890562306735974 -0.00519521183083767 0.0100430199424794 0.0917442371265721 0.000500415244155521 
5.4 0.00805814098227127 -0.00484327121247306 0.00908828221546787 0.0894185843309498 -0.00596951079142572 
5.5 0.00729130748056809 -0.00451126634282266 0.00822422211383685 0.087050232374548 -0.0121717462318407 
5.6 0.00659744783482351 -0.00419859009227539 0.00744222173891672 0.0846482831459806 -0.0180871515725266 
5.7 0.00596961766448864 -0.0039045703467771 0.00673448159291887 0.0822210561229357 -0.0236990539537713 
5.8 0.00540153343419775 -0.00362848787412074 0.0060939426840734 0.0797761414354225 -0.0289931492558286 
5.9 0.0048875095660344 -0.00336959137832562 0.00551421716702957 0.0773204499263937 -0.0339574038508832 
6 0.00442240153635662 -0.00312711011548758 0.00498952290276616 0.074860260063918 -0.0385819561662373 
6.1 0.00400155438767519 -0.00290026439888221 0.00451462793347248 0.0724012619497502 -0.042859018374298 
6.2 0.00362075614027448 -0.00268827428080146 0.00408479627750349 0.0699485984575096 -0.0467827780995413 
6.3 0.00327619563730381 -0.00249036666300365 0.00369574218794787 0.067506903854746 -0.0503493010003061 
6.4 0.00296442440143865 -0.00230578105622936 0.0033435862377465 0.0650803400815364 -0.0535564337105919 
6.5 0.00268232212136055 -0.00213377418150832 0.0030248173612692 0.0626726306596652 -0.0564037074707032 
6.6 0.00242706542263261 -0.00197362358153595 0.0027362578505861 0.0602870924604003 -0.0588922425112129 
6.7 0.00219609961041925 -0.00182463038885909 0.00247503121468024 0.0579266652588694 -0.0610246535330921 
6.8 0.00198711310124153 -0.00168612137864702 0.00223853385460294 0.0555939398076621 -0.0628049565553615 
6.9 0.00179801428787281 -0.00155745041714083 0.00202440878713656 0.0532911836321055 -0.0642384767200503 
7 0.0016269106058306 -0.00143799940220892 0.00183052276640464 0.0510203654825211 -0.065331757535831 
7.1 0.00147208959195508 -0.00132717877955661 0.00165494445841702 0.048783177841157 -0.0660924715335496 
7.2 0.00133200174550224 -0.00122442770683604 0.0014959253646345 0.0465810584149109 -0.0665293327390806 
7.3 0.00120524502021964 -0.00112921392799493 0.00135188207977136 0.044415209847203 -0.0666520108024798 
7.4 0.00109055079219624 -0.00104103341152693 0.00122138106034532 0.04228661822336 -0.0664710468239563 
7.5 0.000986771163047916 -0.000959409798696962 0.00110312401296359 0.0401960703327901 -0.0659977709951926 
7.6 0.000892867471364616 -0.000883893701183928 0.000995935102302396 0.0381441698658131 -0.0652442223551943 
7.7 0.000807899897437856 -0.000814061881797469 0.000898749005759603 0.036131352346632 -0.0642230706863033 
7.8 0.000731018057229186 -0.000749516346883031 0.000810600398535674 0.034157899107478 -0.0629475404550938 
7.9 0.00066145249144092 -0.000689883374642652 0.000730614752523543 0.032223950332821 -0.0614313368686672 
8 0.000598506964508855 -0.000634812499787382 0.000657999042937855 0.0303295171475014 -0.0596885741506202 
8.1 0.000541551496442732 -0.000583975471631977 0.000592034369427199 0.0284744929235389 -0.0577337064426485 
8.2 0.000490016057774751 -0.00053706519988138 0.000532068136509742 0.0266586636456535 -0.0555814608172545 
8.3 0.000443384864513066 -0.000493794699886951 0.000477508266315692 0.0248817177905866 -0.0532467728175276 
8.4 0.000401191216002226 -0.000453896047020242 0.000427817018291266 0.0231432551636285 -0.0507447242525779 
8.5 0.000363012824026161 -0.000417119347980689 0.000382505627954536 0.0214427953703492 -0.0480904837145164 
8.6 0.000328467586405774 -0.000383231735283377 0.000341129703919093 0.0197797854875554 -0.0452992495683716 
8.7 0.000297209762791904 -0.000352016389830876 0.000303284317778157 0.0181536073114715 -0.0423861954354267 
8.8 0.000268926514379706 -0.000323271595329878 0.000268600702810179 0.0165635838104456 -0.0393664181478969 
8.9 0.000243334772912744 -0.00029680982734328 0.000236742070415351 0.0150089854323568 -0.0362548883692537 
9 0.000220178407640734 -0.000272456878948833 0.000207400678057758 0.013489035575485 -0.0330664037570016 
9.1 0.000199225661876911 -0.000250051024286687 0.000180294513016918 0.0120029159732726 -0.0298155449134149 
9.2 0.000180266833499209 -0.00022944222070257 0.000155164498968447 0.0105497711922794 -0.0265166334863028 
9.3 0.000163112176180942 -0.000210491349715741 0.000131772364615321 0.00912871328753043 -0.023183693182918 
9.4 0.00014759000034579 -0.000193069496647692 0.000109897996630275 0.00773882564417238 -0.0198304131097944 
9.5 0.000133544954840811 -0.000177057268427229 8.93375420194114E-05 0.00637916672094829 -0.0164701139935058 
9.6 0.000120836472129888 -0.000162344148829636 6.99011728399912E-05 0.00504877330995808 -0.0131157165041322 
9.7 0.000109337361446582 -0.000148827890203152 5.14114457736804E-05 0.00374666374850471 -0.00977971227557669 
9.8 9.89325358261902E-05 -0.000136413940577226 3.37017652378283E-05 0.00247184061455734 -0.00647413735841495 
9.9 8.951786027672E-05 -0.000125014904926983 1.66145619790168E-05 0.00122329324971952 -0.00321054823280333 
