0	10	5
0.0501672240802676	8.03890048754135	6.75759943421306
0.100334448160535	5.95098244353857	8.24057493700255
0.150501672240803	4.15147488748807	9.10986345037045
0.20066889632107	2.82088573560149	9.31404868031144
0.250836120401338	1.92311364115699	9.01275054620471
0.301003344481605	1.34202358051869	8.41024736092842
0.351170568561873	0.969008252745872	7.66685935600653
0.40133779264214	0.726996957375581	6.88484907989993
0.451505016722408	0.566922861145824	6.1221013152417
0.501672240802676	0.458669921042098	5.40820327217465
0.551839464882943	0.383957369161539	4.75626683379095
0.602006688963211	0.331431650953325	4.16978667520463
0.652173913043478	0.29408635525305	3.64755505724065
0.702341137123746	0.267403432964703	3.18565909037119
0.752508361204013	0.24846237632966	2.7792580810667
0.802675585284281	0.235273130965412	2.42273783226592
0.852842809364548	0.226510425108231	2.11076375109908
0.903010033444816	0.221271535740069	1.83841574474463
0.953177257525084	0.218905151357282	1.6008671700591
1.00334448160535	0.218971571767153	1.39396963352387
1.05351170568562	0.221155241828025	1.21389780021678
1.10367892976589	0.225239526394827	1.05728386587995
1.15384615384615	0.231071966806911	0.921083432851409
1.20401337792642	0.238563576026613	0.80273438878043
1.25418060200669	0.247647512977341	0.699813020601138
1.30434782608696	0.258321092514236	0.61048022838207
1.35451505016722	0.270579743539633	0.532884346645001
1.40468227424749	0.284434395564087	0.465405977003367
1.45484949832776	0.299940315259008	0.406784788994896
1.50501672240803	0.317165745984076	0.355880725222851
1.55518394648829	0.336149428043125	0.311547811001433
1.60535117056856	0.357050470879725	0.273131028301793
1.65551839464883	0.379902088821031	0.239653743257274
1.7056856187291	0.404855726491071	0.2105463829902
1.75585284280936	0.432050538242137	0.185237252121167
1.80602006688963	0.461577535883026	0.163155377938328
1.8561872909699	0.493650803852341	0.143953442156932
1.90635451505017	0.528464361371392	0.127243706545686
1.95652173913043	0.566172043820167	0.112682106638363
2.0066889632107	0.606770051293827	0.099871501705925
2.05685618729097	0.651032284040186	0.0888542155715702
2.10702341137124	0.698522009899342	0.0791139849503112
2.15719063545151	0.750118695327045	0.0706940950155415
2.20735785953177	0.805490940680246	0.0632628739171947
2.25752508361204	0.86561361942925	0.0568406437882599
2.30769230769231	0.930344517275382	0.0512038376865824
2.35785953177258	1.00010514794622	0.0462721555965997
2.40802675585284	1.07535301102164	0.041967833328359
2.45819397993311	1.15653671959876	0.0382155961272368
2.50836120401338	1.24409655554551	0.0349468548149506
2.55852842809365	1.33846557987798	0.0321011788710939
2.60869565217391	1.44007081868237	0.0296263963686642
2.65886287625418	1.54968638656623	0.0274906586250614
2.70903010033445	1.6677487723072	0.025652024497229
2.75919732441472	1.79503019734544	0.0240845527606832
2.80936454849498	1.93204651530502	0.0227594776836502
2.85953177257525	2.0796562409682	0.0216604548198542
2.90969899665552	2.23871165169871	0.0207733898196639
2.95986622073579	2.41006140977705	0.0200876499588688
3.01003344481605	2.59455276557458	0.0195967038703541
3.06020066889632	2.79305539525476	0.0192988228279803
3.11036789297659	3.00707164925528	0.0192053349838986
3.16053511705686	3.23729249766208	0.0193226569540422
3.21070234113712	3.48506626251513	0.0196730881893494
3.26086956521739	3.75176739949144	0.0202889061784406
3.31103678929766	4.03877526785772	0.0212155439663701
3.36120401337793	4.34747334447734	0.0225160888656756
3.41137123745819	4.67924647082071	0.0242774494808116
3.46153846153846	5.03606614786736	0.0266357867888226
3.51170568561873	5.41914320184934	0.0297611660234516
3.561872909699	5.83035239532192	0.0339195058579458
3.61204013377926	6.27134942729244	0.0394948174677557
3.66220735785953	6.74346355674527	0.0470442796007484
3.7123745819398	7.24789128566948	0.0574190061344705
3.76254180602007	7.78527666291856	0.0719321469121233
3.81270903010033	8.35526874562561	0.092653458097625
3.8628762541806	8.95563356322861	0.122843409831287
3.91304347826087	9.58149448588703	0.168058170424796
3.96321070234114	10.2222449002222	0.237020877821072
4.0133779264214	10.8586448240435	0.345286460117245
4.06354515050167	11.4555440659814	0.518698163761054
4.11371237458194	11.9515675626915	0.800892031714643
4.16387959866221	12.2448183691732	1.26164432738913
4.21404682274247	12.1816341518948	2.00026381598262
4.26421404682274	11.5745814717556	3.12098835464674
4.31438127090301	10.2937521737025	4.64673566689564
4.36454849498328	8.42795756652417	6.39005001339513
4.41471571906354	6.34434440284382	7.94873076758235
4.46488294314381	4.47657876839493	8.94757622190795
4.51505016722408	3.05658397526534	9.27665551512814
4.56521739130435	2.08271168783512	9.06449481660447
4.61538461538461	1.44753786135922	8.51380692774363
4.66555183946488	1.03909793345261	7.79473209560861
4.71571906354515	0.774456778693593	7.01987137590046
4.76588628762542	0.599900685874767	6.25448377651693
4.81605351170569	0.482238854816533	5.53280878100962
4.86622073578595	0.401298712957224	4.87075516361433
4.91638795986622	0.344515960185722	4.27331382054559
4.96655518394649	0.304205907189106	3.74023038346247
5.01672240802676	0.27542315926328	3.26818309561666
5.06688963210702	0.254917956923897	2.85220513413001
5.11705685618729	0.240565422311035	2.48705961372153
5.16722408026756	0.230908711579445	2.16729884882381
5.21739130434783	0.224975865071518	1.88805492125272
5.26755852842809	0.222054244953054	1.64435814423288
5.31772575250836	0.221675514335235	1.43209232961873
5.36789297658863	0.22348548423829	1.24720867728324
5.4180602006689	0.22726316463386	1.08645184684989
5.46822742474916	0.232833000910991	0.946597539340078
5.51839464882943	0.240090247381809	0.824975256671953
5.5685618729097	0.248986127780275	0.719357555377116
5.61872909698997	0.259477644334969	0.627536715454276
5.66889632107023	0.271554451681469	0.547665052427635
5.7190635451505	0.285279385890498	0.478433130421067
5.76923076923077	0.300652228478106	0.418201996050129
5.81939799331104	0.317737640294225	0.365834067257496
5.8695652173913	0.336599179234704	0.320272991484487
5.91973244147157	0.357379724495862	0.280775827459045
5.96989966555184	0.380129659057319	0.246393080705737
6.02006688963211	0.404971085705876	0.216468909644224
6.07023411371237	0.432043323860065	0.190432408380465
6.12040133779264	0.461441576136423	0.167712975786764
6.17056856187291	0.493427721226234	0.147999610364139
6.22073578595318	0.528108276767891	0.130804950664533
6.27090301003344	0.565702159713856	0.115837203822153
6.32107023411371	0.606180169267776	0.102666836623357
6.37123745819398	0.65031164080512	0.0913373218708861
6.42140468227425	0.697663247285652	0.0813202039840057
6.47157190635451	0.749123986084675	0.0726637200565733
6.52173913043478	0.804351323851675	0.0650225841848481
6.57190635451505	0.864312519231478	0.0584173749055651
6.62207357859532	0.928878382878427	0.052620798120319
6.67224080267559	0.99846178064193	0.0475489109478587
6.72240802675585	1.07351984996233	0.0431219807440517
6.77257525083612	1.15450101655588	0.039262717613844
6.82274247491639	1.24184544762683	0.0359006323672561
6.87290969899666	1.33598611787204	0.0329735833117563
6.92307692307692	1.43734997437884	0.0304278988636257
6.97324414715719	1.54668531370482	0.0282298526978248
7.02341137123746	1.66447583196522	0.0263381553093925
7.07357859531773	1.7914370580563	0.0247242305210529
7.12374581939799	1.92811029950667	0.023359394286081
7.17391304347826	2.07535374037022	0.0222267680167368
7.22408026755853	2.23401926573495	0.0213117715985988
7.2742474916388	2.40495507504407	0.02060337219223
7.32441471571906	2.58900787713267	0.0200947413820209
7.37458193979933	2.78702472241304	0.0197836761296024
7.4247491638796	3.00049923701318	0.0196815557297824
7.47491638795987	3.23011646184125	0.0197946934287229
7.52508361204013	3.47724495818328	0.0201459518785043
7.5752508361204	3.74325708875637	0.020768060048848
7.62541806020067	4.02952971144862	0.0217071431123707
7.67558528428094	4.3374432933878	0.0230273012730161
7.7257525083612	4.66837901944259	0.0248168873141047
7.77591973244147	5.02417030551697	0.0272106268094684
7.82608695652174	5.40613226292583	0.0303827207957653
7.87625418060201	5.81628856579474	0.0346099335913246
7.92642140468227	6.25597545494321	0.0402685905270749
7.97658862876254	6.72664814317398	0.0479274843181547
8.02675585284281	7.22947420279141	0.0584463214895808
8.07692307692308	7.76505433192506	0.07314862356388
8.12709030100334	8.33296953263194	0.0941099789710762
8.17725752508361	8.93101163509028	0.124621655729229
8.22742474916388	9.55419090133575	0.170256695949845
8.27759197324415	10.1918684434079	0.239840135401157
8.32775919732441	10.8246915420353	0.34878257610091
8.37792642140468	11.417463601107	0.523055425220231
8.42809364548495	11.9090560507171	0.805963665993991
8.47826086956522	12.1980885510398	1.26681610514455
8.52842809364548	12.1324993839972	2.0035886561661
8.57859531772575	11.5273457042764	3.11863352811994
8.62876254180602	10.2555260836274	4.63323329746772
8.67892976588629	8.40536680418678	6.3617250909681
8.72909698996656	6.33836084837517	7.90800548976878
8.77926421404682	4.48212782051424	8.90190000604723
8.82943143812709	3.0672516889808	9.23322155426768
8.87959866220736	2.09421814792234	9.02712695053501
8.92976588628763	1.45799233982286	8.48337859153192
8.97993311036789	1.04801549937067	7.77062268945241
9.03010033444816	0.781937088317428	7.00100689938746
9.08026755852843	0.60619965349854	6.2398083374744
9.1304347826087	0.487614326225197	5.52142168955834
9.18060200668896	0.405972486812479	4.86193574663536
9.23076923076923	0.348657501332331	4.26648559762595
9.2809364548495	0.307969134128704	3.73505485805255
9.33110367892977	0.278889930847627	3.26423207921861
9.38127090301003	0.258162883041152	2.8491697350937
9.4314381270903	0.243660255383653	2.48480648788493
9.48160535117057	0.233910634645825	2.16575530790857
9.53177257525084	0.22790611368577	1.88688401955461
9.5819397993311	0.224965832401105	1.64368000105773
9.63210702341137	0.224578699013218	1.4315941642427
9.68227424749164	0.226423138253894	1.24703667704782
9.73244147157191	0.230247433026341	1.08641574142027
9.78260869565217	0.235889743919628	0.946707218584181
9.83277591973244	0.243240591210607	0.825203757425076
9.88294314381271	0.252246021059516	0.719639546197935
9.93311036789298	0.262867637793646	0.627866272997251
9.98327759197324	0.275116085391613	0.548171054893418
10.0334448160535	0.288990205039558	0.478830723927895
10.0836120401338	0.304558397882455	0.418639489977416
10.133779264214	0.321843837837729	0.366238245073615
10.1839464882943	0.340990764389365	0.320850056721643
10.2341137123746	0.361970649946543	0.281184308468926
10.2842809364548	0.385026866056983	0.246857828742767
10.3344481605351	0.410181720849027	0.216937496608045
10.3846153846154	0.437560816486476	0.190853460794137
10.4347826086957	0.467357004328446	0.168175981483106
10.4849498327759	0.499800298412128	0.148501849962077
10.5351170568562	0.534782956246592	0.131196545443265
10.5852842809365	0.572928234653553	0.116272871189922
10.6354515050167	0.614047632210352	0.103165365496864
10.685618729097	0.658501606308083	0.0917170847992323
10.7357859531773	0.706665721768375	0.0817704320524305
10.7859531772575	0.75854762174727	0.0730371366665723
10.8361204013378	0.814661802536021	0.0654357151642238
10.8862876254181	0.875275860592796	0.0587997863614158
10.9364548494983	0.940549818325661	0.0529819174011624
10.9866220735786	1.01094623676267	0.0478998709093452
11.0367892976589	1.08693733909291	0.0434703111975695
11.0869565217391	1.16891644782127	0.0396081814331424
11.1371237458194	1.25737417054399	0.036246572685786
11.1872909698997	1.35272404365701	0.0333210569833425
11.2374581939799	1.45539142501608	0.0307777592862831
11.2876254180602	1.5659786431713	0.028577563721944
11.3377926421405	1.68528374443567	0.0266914718669374
11.3879598662207	1.81376033416398	0.0250817418514543
11.438127090301	1.95209202269457	0.0237243201093838
11.4882943143813	2.10113523196708	0.0226021351209437
11.5384615384615	2.26174055756178	0.0217007693470464
11.5886287625418	2.43475528779222	0.0210095931397777
11.6387959866221	2.62102551711565	0.0205223737567632
11.6889632107023	2.82142383552893	0.0202380438367401
11.7391304347826	3.03746344457284	0.0201694348449368
11.7892976588629	3.2698617168659	0.0203246370485825
11.8394648829431	3.51996035530309	0.0207282195639892
11.8896321070234	3.78913061749544	0.0214156824581389
11.9397993311037	4.07874777140945	0.0224368568655215
11.9899665551839	4.39018981755525	0.0238608233000781
12.0401337792642	4.72487837769074	0.0257838160368626
12.0903010033445	5.08478352131299	0.0283555243326636
12.1404682274247	5.47110997063904	0.0317642103721266
12.190635451505	5.88556662905439	0.0362969258855313
12.2408026755853	6.3298656761274	0.0423799761364278
12.2909698996656	6.80530859091551	0.0506336317436244
12.3411371237458	7.3128992367121	0.0619974539166997
12.3913043478261	7.85307301630951	0.0779303140606215
12.4414715719064	8.42511153194484	0.100731861657346
12.4916387959866	9.02617177035935	0.133998044315612
12.5418060200669	9.650515702143	0.183972954873636
12.5919732441472	10.2859539746331	0.260413549708355
12.6421404682274	10.9106866560963	0.380353183133324
12.6923076923077	11.4853874602777	0.572557550779231
12.742474916388	11.9424072810151	0.884540120414908
12.7926421404682	12.1716907974144	1.39069080225674
12.8428093645485	12.0132955232497	2.1919161336513
12.8929765886288	11.2865296072801	3.38152122257829
12.943143812709	9.89590128322841	4.9485532990649
12.9933110367893	7.98457309585438	6.66147469095675
13.0434782608696	5.94450735871486	8.11148990838588
13.0936454849498	4.17503270819488	8.97178139819578
13.1438127090301	2.85586420401776	9.18681999051911
13.1939799331104	1.95838324077029	8.90546447615911
13.2441471571906	1.37321649329493	8.32396723187974
13.2943143812709	0.995324835549201	7.59906467126205
13.3444816053512	0.748984629036879	6.83215027243954
13.3946488294314	0.585407204510359	6.08132819816698
13.4448160535117	0.47447713550232	5.37675948710277
13.494983277592	0.397734263677899	4.7320764836498
13.5451505016722	0.343675587360122	4.15121072771193
13.5953177257525	0.305198887533146	3.63340689028098
13.6454849498328	0.277697142011066	3.17511149733253
13.695652173913	0.258126450386624	2.77129106003939
13.7458193979933	0.244508371089003	2.41692831991875
13.7959866220736	0.235470755072936	2.1067722830839
13.8461538461538	0.230060062944765	1.83572407941198
13.8963210702341	0.22762397038429	1.59921925710342
13.9464882943144	0.227709594058266	1.39317194725868
13.9966555183946	0.229981849597867	1.21368565176866
14.0468227424749	0.234231285020791	1.0575977370512
14.0969899665552	0.240291715809504	0.921785803561139
14.1471571906355	0.248063015451424	0.803637321163319
14.1973244147157	0.25750459236881	0.701013643173724
14.247491638796	0.268575253833229	0.611755768890018
14.2976588628763	0.281308262823719	0.534319380433747
14.3478260869565	0.295683182625618	0.466875872731251
14.3979933110368	0.311776778661148	0.408295674599624
14.4481605351171	0.329662179503249	0.357440141221094
14.4983277591973	0.349383890125526	0.313164431151479
14.5484949832776	0.371062003614908	0.274693543296842
14.5986622073579	0.394768709309298	0.241175232966814
14.6488294314381	0.420664075829031	0.212040487104997
14.6989966555184	0.448897711378184	0.18671799846759
14.7491638795987	0.479573488509259	0.164636917119441
14.7993311036789	0.512786295089349	0.145327415908064
14.8494983277592	0.548993085441939	0.128645121880676
14.8996655518395	0.588042725107825	0.113993927676499
14.9498327759197	0.630321636540636	0.101219888321973
15	0.67612443115644	0.090111609282237
